Zeit,Kanal A,Kanal B
(ms),(V),(A)

-0.03696100,-8.22473800,-1.07852400
-0.01648100,-8.22473800,-1.07852400
0.00399900,-3.75377700,-0.98849450
0.02447900,0.73244420,-0.98849450
0.04495900,0.73244420,-0.98849450
0.06543900,5.21866500,-0.98849450
0.08591900,5.21866500,-0.89846490
0.10639900,9.68962700,-0.89846490
0.12687900,9.68962700,-0.89846490
0.14735900,9.68962700,-0.89846490
0.16783900,14.17585000,-0.89846490
0.18831900,18.64681000,-0.80874050
0.20879900,18.64681000,-0.80874050
0.22927900,18.64681000,-0.80874050
0.24975900,23.11777000,-0.80874050
0.27023900,27.60399000,-0.71871090
0.29071900,27.60399000,-0.71871090
0.31119900,27.60399000,-0.71871090
0.33167900,27.60399000,-0.71871090
0.35215900,32.07495000,-0.62868130
0.37263900,36.56117000,-0.62868130
0.39311900,36.56117000,-0.62868130
0.41359900,41.04739000,-0.53895690
0.43407900,41.04739000,-0.53895690
0.45455900,45.51836000,-0.53895690
0.47503900,45.51836000,-0.44892730
0.49551900,45.51836000,-0.44892730
0.51599900,45.51836000,-0.44892730
0.53647900,50.00458000,-0.44892730
0.55695900,54.47554000,-0.44892730
0.57743900,54.47554000,-0.35889770
0.59791900,54.47554000,-0.35889770
0.61839900,58.96176000,-0.35889770
0.63887900,58.96176000,-0.35889770
0.65935900,63.44798000,-0.26917330
0.67983900,63.44798000,-0.26917330
0.70031900,63.44798000,-0.26917330
0.72079900,63.44798000,-0.26917330
0.74127900,67.91895000,-0.17914370
0.76175900,72.40517000,-0.17914370
0.78223900,72.40517000,-0.08941923
0.80271900,76.87613000,-0.08941923
0.82319900,76.87613000,-0.08941923
0.84367900,81.36235000,-0.08941923
0.86415900,81.36235000,0.00030519
0.88463900,81.36235000,0.00030519
0.90511900,81.36235000,0.00030519
0.92559900,90.31953000,0.00030519
0.94607900,90.31953000,0.00030519
0.96655900,90.31953000,0.09033479
0.98703899,94.80575000,0.09033479
1.00751899,94.80575000,0.09033479
1.02799899,94.80575000,0.09033479
1.04847899,99.27671000,0.18005920
1.06895899,99.27671000,0.18005920
1.08943899,99.27671000,0.18005920
1.10991899,103.76290000,0.27008880
1.13039899,108.24920000,0.27008880
1.15087899,108.24920000,0.36011840
1.17135899,108.24920000,0.36011840
1.19183899,108.24920000,0.36011840
1.21231899,112.72010000,0.36011840
1.23279899,112.72010000,0.36011840
1.25327899,112.72010000,0.36011840
1.27375899,117.20630000,0.44984280
1.29423899,117.20630000,0.53987240
1.31471899,121.69260000,0.44984280
1.33519899,117.20630000,0.53987240
1.35567899,121.69260000,0.53987240
1.37615899,126.16350000,0.53987240
1.39663899,126.16350000,0.62990200
1.41711899,126.16350000,0.62990200
1.43759899,130.64970000,0.62990200
1.45807899,130.64970000,0.71962650
1.47855899,135.12070000,0.71962650
1.49903899,135.12070000,0.71962650
1.51951899,135.12070000,0.71962650
1.53999899,139.60690000,0.71962650
1.56047899,139.60690000,0.71962650
1.58095899,139.60690000,0.80965610
1.60143899,144.09310000,0.80965610
1.62191899,144.09310000,0.80965610
1.64239899,144.09310000,0.89968560
1.66287899,148.56410000,0.89968560
1.68335899,148.56410000,0.89968560
1.70383899,148.56410000,0.89968560
1.72431899,153.05030000,0.98941000
1.74479899,153.05030000,0.98941000
1.76527899,157.52130000,0.98941000
1.78575899,157.52130000,0.98941000
1.80623899,162.00750000,1.07944000
1.82671899,162.00750000,1.07944000
1.84719899,162.00750000,1.07944000
1.86767899,166.49370000,1.07944000
1.88815899,166.49370000,1.07944000
1.90863899,166.49370000,1.07944000
1.92911899,170.96470000,1.16946900
1.94959899,170.96470000,1.16946900
1.97007899,170.96470000,1.16946900
1.99055899,175.45090000,1.16946900
2.01103899,179.92190000,1.25919400
2.03151899,179.92190000,1.25919400
2.05199899,179.92190000,1.34922300
2.07247899,184.40810000,1.25919400
2.09295899,184.40810000,1.25919400
2.11343899,188.89430000,1.34922300
2.13391899,188.89430000,1.34922300
2.15439899,188.89430000,1.34922300
2.17487899,193.36530000,1.43925300
2.19535899,197.85150000,1.43925300
2.21583899,197.85150000,1.43925300
2.23631899,197.85150000,1.43925300
2.25679899,202.32250000,1.43925300
2.27727899,202.32250000,1.52897700
2.29775899,202.32250000,1.52897700
2.31823899,206.80870000,1.52897700
2.33871899,206.80870000,1.52897700
2.35919899,206.80870000,1.52897700
2.37967899,206.80870000,1.61900700
2.40015899,211.29490000,1.61900700
2.42063899,211.29490000,1.61900700
2.44111899,215.76590000,1.61900700
2.46159899,215.76590000,1.70903700
2.48207899,220.25210000,1.70903700
2.50255899,220.25210000,1.70903700
2.52303899,224.73830000,1.70903700
2.54351899,224.73830000,1.79876100
2.56399899,224.73830000,1.79876100
2.58447899,224.73830000,1.79876100
2.60495899,229.20930000,1.79876100
2.62543898,229.20930000,1.79876100
2.64591898,233.69550000,1.79876100
2.66639898,233.69550000,1.88879100
2.68687898,233.69550000,1.88879100
2.70735898,233.69550000,1.88879100
2.72783898,238.16650000,1.88879100
2.74831898,238.16650000,1.97882000
2.76879898,238.16650000,1.97882000
2.78927898,238.16650000,1.88879100
2.80975898,242.65270000,1.97882000
2.83023898,242.65270000,1.97882000
2.85071898,242.65270000,2.06854500
2.87119898,247.13890000,2.06854500
2.89167898,247.13890000,2.06854500
2.91215898,247.13890000,2.06854500
2.93263898,251.60980000,2.15857400
2.95311898,251.60980000,2.15857400
2.97359898,251.60980000,2.15857400
2.99407898,251.60980000,2.15857400
3.01455898,256.09610000,2.15857400
3.03503898,256.09610000,2.15857400
3.05551898,260.56700000,2.15857400
3.07599898,260.56700000,2.24860400
3.09647898,260.56700000,2.24860400
3.11695898,260.56700000,2.24860400
3.13743898,260.56700000,2.33832800
3.15791898,260.56700000,2.33832800
3.17839898,269.53950000,2.33832800
3.19887898,265.05330000,2.33832800
3.21935898,269.53950000,2.33832800
3.23983898,269.53950000,2.33832800
3.26031898,269.53950000,2.42835800
3.28079898,274.01040000,2.42835800
3.30127898,274.01040000,2.42835800
3.32175898,274.01040000,2.42835800
3.34223898,278.49660000,2.51838700
3.36271898,278.49660000,2.42835800
3.38319898,278.49660000,2.51838700
3.40367898,278.49660000,2.51838700
3.42415898,278.49660000,2.51838700
3.44463898,282.96760000,2.51838700
3.46511898,282.96760000,2.51838700
3.48559898,282.96760000,2.51838700
3.50607898,287.45390000,2.51838700
3.52655898,287.45390000,2.60811200
3.54703898,287.45390000,2.51838700
3.56751898,287.45390000,2.60811200
3.58799898,287.45390000,2.60811200
3.60847898,291.94010000,2.60811200
3.62895898,291.94010000,2.60811200
3.64943898,291.94010000,2.60811200
3.66991898,291.94010000,2.69814100
3.69039898,291.94010000,2.60811200
3.71087898,291.94010000,2.60811200
3.73135898,296.41100000,2.69814100
3.75183898,296.41100000,2.69814100
3.77231898,296.41100000,2.69814100
3.79279898,296.41100000,2.69814100
3.81327898,296.41100000,2.69814100
3.83375898,296.41100000,2.78817100
3.85423898,296.41100000,2.78817100
3.87471898,296.41100000,2.78817100
3.89519898,296.41100000,2.78817100
3.91567898,296.41100000,2.78817100
3.93615898,300.89720000,2.78817100
3.95663898,296.41100000,2.78817100
3.97711898,300.89720000,2.78817100
3.99759898,300.89720000,2.78817100
4.01807898,305.38350000,2.96792500
4.03855898,305.38350000,2.96792500
4.05903898,305.38350000,3.23770900
4.07951898,305.38350000,3.32743300
4.09999898,305.38350000,3.59721700
4.12047898,305.38350000,3.77727600
4.14095898,305.38350000,3.95703000
4.16143898,305.38350000,4.13678400
4.18191898,305.38350000,4.31684300
4.20239898,305.38350000,4.40656800
4.22287898,305.38350000,4.58662700
4.24335898,305.38350000,4.67635100
4.26383898,305.38350000,4.76638100
4.28431897,305.38350000,4.85641100
4.30479897,305.38350000,4.85641100
4.32527897,305.38350000,4.94613500
4.34575897,305.38350000,4.94613500
4.36623897,305.38350000,4.94613500
4.38671897,305.38350000,4.94613500
4.40719897,305.38350000,4.94613500
4.42767897,305.38350000,4.94613500
4.44815897,305.38350000,4.94613500
4.46863897,309.85440000,4.94613500
4.48911897,305.38350000,4.94613500
4.50959897,309.85440000,4.85641100
4.53007897,309.85440000,4.76638100
4.55055897,309.85440000,4.76638100
4.57103897,305.38350000,4.76638100
4.59151897,305.38350000,4.67635100
4.61199897,309.85440000,4.67635100
4.63247897,309.85440000,4.67635100
4.65295897,309.85440000,4.58662700
4.67343897,309.85440000,4.58662700
4.69391897,309.85440000,4.58662700
4.71439897,309.85440000,4.49659700
4.73487897,309.85440000,4.49659700
4.75535897,309.85440000,4.40656800
4.77583897,309.85440000,4.40656800
4.79631897,309.85440000,4.40656800
4.81679897,309.85440000,4.40656800
4.83727897,309.85440000,4.31684300
4.85775897,309.85440000,4.31684300
4.87823897,309.85440000,4.31684300
4.89871897,309.85440000,4.31684300
4.91919897,309.85440000,4.31684300
4.93967897,309.85440000,4.22681400
4.96015897,314.34060000,4.22681400
4.98063897,314.34060000,4.22681400
5.00111897,309.85440000,4.22681400
5.02159897,314.34060000,4.22681400
5.04207897,314.34060000,4.22681400
5.06255897,309.85440000,4.13678400
5.08303897,314.34060000,4.13678400
5.10351897,314.34060000,4.22681400
5.12399897,309.85440000,4.13678400
5.14447897,314.34060000,4.13678400
5.16495897,309.85440000,4.13678400
5.18543897,314.34060000,4.13678400
5.20591897,314.34060000,4.13678400
5.22639897,314.34060000,4.04706000
5.24687897,314.34060000,4.04706000
5.26735897,314.34060000,3.95703000
5.28783897,314.34060000,3.95703000
5.30831897,314.34060000,3.95703000
5.32879897,314.34060000,3.95703000
5.34927897,314.34060000,3.86700000
5.36975897,314.34060000,3.86700000
5.39023897,314.34060000,3.77727600
5.41071897,314.34060000,3.77727600
5.43119897,309.85440000,3.68724600
5.45167897,314.34060000,3.68724600
5.47215897,314.34060000,3.68724600
5.49263897,314.34060000,3.59721700
5.51311897,314.34060000,3.59721700
5.53359897,314.34060000,3.59721700
5.55407897,314.34060000,3.50749200
5.57455897,314.34060000,3.50749200
5.59503897,314.34060000,3.50749200
5.61551897,309.85440000,3.41746300
5.63599897,314.34060000,3.41746300
5.65647897,309.85440000,3.32743300
5.67695897,314.34060000,3.32743300
5.69743897,314.34060000,3.23770900
5.71791897,314.34060000,3.23770900
5.73839897,314.34060000,3.23770900
5.75887897,314.34060000,3.23770900
5.77935897,314.34060000,3.23770900
5.79983897,309.85440000,3.14767900
5.82031897,314.34060000,3.14767900
5.84079897,309.85440000,3.14767900
5.86127897,314.34060000,3.14767900
5.88175897,309.85440000,3.14767900
5.90223897,309.85440000,3.05764900
5.92271896,314.34060000,3.14767900
5.94319896,309.85440000,3.14767900
5.96367896,309.85440000,3.14767900
5.98415896,309.85440000,3.14767900
6.00463896,309.85440000,3.14767900
6.02511896,309.85440000,3.14767900
6.04559896,309.85440000,3.14767900
6.06607896,309.85440000,3.23770900
6.08655896,309.85440000,3.14767900
6.10703896,305.38350000,3.14767900
6.12751896,305.38350000,3.14767900
6.14799896,305.38350000,3.14767900
6.16847896,305.38350000,3.14767900
6.18895896,305.38350000,3.23770900
6.20943896,305.38350000,3.14767900
6.22991896,305.38350000,3.14767900
6.25039896,305.38350000,3.14767900
6.27087896,305.38350000,3.14767900
6.29135896,305.38350000,3.14767900
6.31183896,300.89720000,3.14767900
6.33231896,300.89720000,3.23770900
6.35279896,300.89720000,3.14767900
6.37327896,296.41100000,3.14767900
6.39375896,296.41100000,3.14767900
6.41423896,296.41100000,3.14767900
6.43471896,296.41100000,3.14767900
6.45519896,296.41100000,3.14767900
6.47567896,291.94010000,3.05764900
6.49615896,291.94010000,3.05764900
6.51663896,287.45390000,3.14767900
6.53711896,287.45390000,3.14767900
6.55759896,287.45390000,3.05764900
6.57807896,287.45390000,3.05764900
6.59855896,282.96760000,3.05764900
6.61903896,278.49660000,3.14767900
6.63951896,278.49660000,3.05764900
6.65999896,278.49660000,3.05764900
6.68047896,274.01040000,3.05764900
6.70095896,274.01040000,2.96792500
6.72143896,274.01040000,3.05764900
6.74191896,269.53950000,3.05764900
6.76239896,269.53950000,3.05764900
6.78287896,269.53950000,3.05764900
6.80335896,269.53950000,2.96792500
6.82383896,265.05330000,3.05764900
6.84431896,260.56700000,2.96792500
6.86479896,260.56700000,2.96792500
6.88527896,260.56700000,2.96792500
6.90575896,260.56700000,2.96792500
6.92623896,260.56700000,2.96792500
6.94671896,256.09610000,2.96792500
6.96719896,256.09610000,2.96792500
6.98767896,256.09610000,2.96792500
7.00815896,256.09610000,2.96792500
7.02863896,251.60980000,2.87789600
7.04911896,251.60980000,2.87789600
7.06959896,251.60980000,2.87789600
7.09007896,251.60980000,2.87789600
7.11055896,247.13890000,2.87789600
7.13103896,247.13890000,2.87789600
7.15151896,242.65270000,2.87789600
7.17199896,242.65270000,2.87789600
7.19247896,242.65270000,2.78817100
7.21295896,242.65270000,2.87789600
7.23343896,242.65270000,2.87789600
7.25391896,238.16650000,2.78817100
7.27439896,238.16650000,2.78817100
7.29487896,238.16650000,2.78817100
7.31535896,238.16650000,2.78817100
7.33583896,238.16650000,2.78817100
7.35631896,233.69550000,2.78817100
7.37679896,233.69550000,2.78817100
7.39727896,233.69550000,2.78817100
7.41775896,233.69550000,2.78817100
7.43823896,229.20930000,2.78817100
7.45871896,229.20930000,2.69814100
7.47919896,229.20930000,2.78817100
7.49967896,224.73830000,2.69814100
7.52015896,224.73830000,2.78817100
7.54063896,224.73830000,2.69814100
7.56111895,224.73830000,2.69814100
7.58159895,220.25210000,2.60811200
7.60207895,220.25210000,2.69814100
7.62255895,215.76590000,2.69814100
7.64303895,215.76590000,2.60811200
7.66351895,215.76590000,2.69814100
7.68399895,211.29490000,2.60811200
7.70447895,211.29490000,2.60811200
7.72495895,206.80870000,2.60811200
7.74543895,206.80870000,2.60811200
7.76591895,206.80870000,2.60811200
7.78639895,206.80870000,2.60811200
7.80687895,202.32250000,2.60811200
7.82735895,197.85150000,2.60811200
7.84783895,197.85150000,2.51838700
7.86831895,197.85150000,2.51838700
7.88879895,197.85150000,2.51838700
7.90927895,197.85150000,2.51838700
7.92975895,193.36530000,2.51838700
7.95023895,188.89430000,2.51838700
7.97071895,188.89430000,2.51838700
7.99119895,188.89430000,2.51838700
8.01167895,188.89430000,2.51838700
8.03215895,184.40810000,2.51838700
8.05263895,184.40810000,2.42835800
8.07311895,179.92190000,2.42835800
8.09359895,179.92190000,2.42835800
8.11407895,179.92190000,2.42835800
8.13455895,175.45090000,2.42835800
8.15503895,175.45090000,2.42835800
8.17551895,170.96470000,2.33832800
8.19599895,170.96470000,2.33832800
8.21647895,170.96470000,2.33832800
8.23695895,170.96470000,2.33832800
8.25743895,166.49370000,2.33832800
8.27791895,166.49370000,2.33832800
8.29839895,162.00750000,2.24860400
8.31887895,162.00750000,2.33832800
8.33935895,162.00750000,2.24860400
8.35983895,162.00750000,2.24860400
8.38031895,157.52130000,2.24860400
8.40079895,157.52130000,2.24860400
8.42127895,157.52130000,2.24860400
8.44175895,153.05030000,2.15857400
8.46223895,153.05030000,2.15857400
8.48271895,153.05030000,2.15857400
8.50319895,148.56410000,2.15857400
8.52367895,144.09310000,2.15857400
8.54415895,144.09310000,2.15857400
8.56463895,144.09310000,2.06854500
8.58511895,139.60690000,2.06854500
8.60559895,135.12070000,2.06854500
8.62607895,135.12070000,2.06854500
8.64655895,130.64970000,2.06854500
8.66703895,130.64970000,2.06854500
8.68751895,126.16350000,2.06854500
8.70799895,126.16350000,1.97882000
8.72847895,121.69260000,1.97882000
8.74895895,121.69260000,1.97882000
8.76943895,117.20630000,1.97882000
8.78991895,117.20630000,1.97882000
8.81039895,117.20630000,1.97882000
8.83087895,112.72010000,1.97882000
8.85135895,112.72010000,1.88879100
8.87183895,108.24920000,1.88879100
8.89231895,108.24920000,1.88879100
8.91279895,103.76290000,1.88879100
8.93327895,103.76290000,1.88879100
8.95375895,99.27671000,1.88879100
8.97423895,99.27671000,1.79876100
8.99471895,99.27671000,1.79876100
9.01519895,94.80575000,1.79876100
9.03567895,94.80575000,1.79876100
9.05615895,90.31953000,1.79876100
9.07663895,90.31953000,1.79876100
9.09711895,90.31953000,1.79876100
9.11759895,90.31953000,1.79876100
9.13807895,81.36235000,1.70903700
9.15855895,81.36235000,1.70903700
9.17903895,81.36235000,1.70903700
9.19951895,81.36235000,1.70903700
9.21999894,76.87613000,1.70903700
9.24047894,76.87613000,1.61900700
9.26095894,76.87613000,1.70903700
9.28143894,72.40517000,1.70903700
9.30191894,72.40517000,1.61900700
9.32239894,72.40517000,1.61900700
9.34287894,67.91895000,1.61900700
9.36335894,63.44798000,1.52897700
9.38383894,63.44798000,1.61900700
9.40431894,63.44798000,1.52897700
9.42479894,63.44798000,1.52897700
9.44527894,58.96176000,1.43925300
9.46575894,58.96176000,1.52897700
9.48623894,54.47554000,1.43925300
9.50671894,54.47554000,1.43925300
9.52719894,54.47554000,1.43925300
9.54767894,50.00458000,1.43925300
9.56815894,45.51836000,1.43925300
9.58863894,45.51836000,1.43925300
9.60911894,41.04739000,1.43925300
9.62959894,41.04739000,1.34922300
9.65007894,36.56117000,1.43925300
9.67055894,36.56117000,1.43925300
9.69103894,36.56117000,1.34922300
9.71151894,27.60399000,1.34922300
9.73199894,27.60399000,1.25919400
9.75247894,27.60399000,1.25919400
9.77295894,27.60399000,1.25919400
9.79343894,23.11777000,1.16946900
9.81391894,18.64681000,1.25919400
9.83439894,18.64681000,1.16946900
9.85487894,18.64681000,1.16946900
9.87535894,14.17585000,1.16946900
9.89583894,9.68962700,1.16946900
9.91631894,9.68962700,1.07944000
9.93679894,9.68962700,1.07944000
9.95727894,5.21866500,1.07944000
9.97775894,0.73244420,1.07944000
9.99823894,0.73244420,1.07944000
10.01871894,0.73244420,0.98941000
10.03919894,-8.22473800,0.98941000
10.05967894,-8.22473800,0.98941000
10.08015894,-8.22473800,0.98941000
10.10063894,-12.71096000,0.98941000
10.12111894,-17.18192000,0.89968560
10.14159894,-17.18192000,0.89968560
10.16207894,-17.18192000,0.89968560
10.18255894,-17.18192000,0.80965610
10.20303894,-26.15436000,0.80965610
10.22351894,-26.15436000,0.80965610
10.24399894,-26.15436000,0.80965610
10.26447894,-30.62533000,0.71962650
10.28495894,-30.62533000,0.71962650
10.30543894,-35.11155000,0.71962650
10.32591894,-35.11155000,0.62990200
10.34639894,-39.58250000,0.62990200
10.36687894,-44.06873000,0.71962650
10.38735894,-44.06873000,0.62990200
10.40783894,-44.06873000,0.53987240
10.42831894,-44.06873000,0.62990200
10.44879894,-48.55495000,0.53987240
10.46927894,-48.55495000,0.53987240
10.48975894,-53.02591000,0.44984280
10.51023894,-53.02591000,0.44984280
10.53071894,-53.02591000,0.44984280
10.55119894,-53.02591000,0.44984280
10.57167894,-61.98309000,0.36011840
10.59215894,-57.51213000,0.36011840
10.61263894,-61.98309000,0.36011840
10.63311894,-61.98309000,0.36011840
10.65359894,-61.98309000,0.27008880
10.67407894,-66.46931000,0.36011840
10.69455894,-70.95554000,0.18005920
10.71503894,-70.95554000,0.18005920
10.73551894,-70.95554000,0.27008880
10.75599894,-75.42650000,0.18005920
10.77647894,-75.42650000,0.18005920
10.79695894,-79.91272000,0.09033479
10.81743894,-79.91272000,0.09033479
10.83791894,-79.91272000,0.09033479
10.85839893,-84.39894000,0.00030519
10.87887893,-84.39894000,0.00030519
10.89935893,-84.39894000,0.00030519
10.91983893,-88.86990000,0.00030519
10.94031893,-88.86990000,0.00030519
10.96079893,-93.35612000,0.00030519
10.98127893,-97.82708000,-0.08941923
11.00175893,-97.82708000,-0.17914370
11.02223893,-97.82708000,-0.17914370
11.04271893,-97.82708000,-0.17914370
11.06319893,-102.31330000,-0.17914370
11.08367893,-106.79950000,-0.17914370
11.10415893,-106.79950000,-0.26917330
11.12463893,-106.79950000,-0.26917330
11.14511893,-111.27050000,-0.26917330
11.16559893,-115.75670000,-0.26917330
11.18607893,-115.75670000,-0.35889770
11.20655893,-115.75670000,-0.35889770
11.22703893,-115.75670000,-0.35889770
11.24751893,-115.75670000,-0.35889770
11.26799893,-120.22770000,-0.35889770
11.28847893,-120.22770000,-0.44892730
11.30895893,-124.71390000,-0.44892730
11.32943893,-124.71390000,-0.53895690
11.34991893,-129.20010000,-0.53895690
11.37039893,-129.20010000,-0.53895690
11.39087893,-133.67110000,-0.53895690
11.41135893,-133.67110000,-0.62868130
11.43183893,-133.67110000,-0.62868130
11.45231893,-133.67110000,-0.71871090
11.47279893,-138.15730000,-0.62868130
11.49327893,-138.15730000,-0.71871090
11.51375893,-138.15730000,-0.71871090
11.53423893,-142.62830000,-0.71871090
11.55471893,-142.62830000,-0.71871090
11.57519893,-147.11450000,-0.71871090
11.59567893,-147.11450000,-0.80874050
11.61615893,-151.60070000,-0.80874050
11.63663893,-151.60070000,-0.80874050
11.65711893,-151.60070000,-0.80874050
11.67759893,-151.60070000,-0.89846490
11.69807893,-156.07170000,-0.89846490
11.71855893,-156.07170000,-0.98849450
11.73903893,-160.55790000,-0.98849450
11.75951893,-160.55790000,-0.98849450
11.77999893,-160.55790000,-0.98849450
11.80047893,-165.02880000,-1.07852400
11.82095893,-169.51510000,-1.07852400
11.84143893,-169.51510000,-1.07852400
11.86191893,-169.51510000,-1.07852400
11.88239893,-169.51510000,-1.07852400
11.90287893,-174.00130000,-1.07852400
11.92335893,-169.51510000,-1.07852400
11.94383893,-174.00130000,-1.16824900
11.96431893,-174.00130000,-1.16824900
11.98479893,-178.47220000,-1.16824900
12.00527893,-182.95850000,-1.25827800
12.02575893,-182.95850000,-1.25827800
12.04623893,-187.44470000,-1.25827800
12.06671893,-187.44470000,-1.34830800
12.08719893,-187.44470000,-1.25827800
12.10767893,-187.44470000,-1.34830800
12.12815893,-191.91560000,-1.34830800
12.14863893,-191.91560000,-1.34830800
12.16911893,-191.91560000,-1.43803200
12.18959893,-196.40190000,-1.43803200
12.21007893,-196.40190000,-1.43803200
12.23055893,-200.87280000,-1.43803200
12.25103893,-200.87280000,-1.52806200
12.27151893,-205.35910000,-1.52806200
12.29199893,-205.35910000,-1.52806200
12.31247893,-205.35910000,-1.52806200
12.33295893,-209.84530000,-1.52806200
12.35343893,-209.84530000,-1.52806200
12.37391893,-214.31620000,-1.61809100
12.39439893,-214.31620000,-1.61809100
12.41487893,-214.31620000,-1.61809100
12.43535893,-218.80250000,-1.70781600
12.45583893,-223.27340000,-1.70781600
12.47631893,-223.27340000,-1.70781600
12.49679892,-223.27340000,-1.70781600
12.51727892,-223.27340000,-1.79784500
12.53775892,-227.75960000,-1.79784500
12.55823892,-227.75960000,-1.79784500
12.57871892,-227.75960000,-1.79784500
12.59919892,-232.24580000,-1.79784500
12.61967892,-232.24580000,-1.79784500
12.64015892,-236.71680000,-1.79784500
12.66063892,-236.71680000,-1.88787500
12.68111892,-241.20300000,-1.88787500
12.70159892,-241.20300000,-1.88787500
12.72207892,-241.20300000,-1.88787500
12.74255892,-241.20300000,-1.97759900
12.76303892,-245.67400000,-1.97759900
12.78351892,-245.67400000,-1.97759900
12.80399892,-250.16020000,-1.97759900
12.82447892,-250.16020000,-2.06762900
12.84495892,-250.16020000,-2.06762900
12.86543892,-250.16020000,-2.06762900
12.88591892,-250.16020000,-2.06762900
12.90639892,-254.64640000,-2.15765900
12.92687892,-259.11740000,-2.15765900
12.94735892,-259.11740000,-2.15765900
12.96783892,-259.11740000,-2.15765900
12.98831892,-259.11740000,-2.15765900
13.00879892,-259.11740000,-2.15765900
13.02927892,-259.11740000,-2.24738300
13.04975892,-263.60360000,-2.24738300
13.07023892,-268.08980000,-2.24738300
13.09071892,-263.60360000,-2.24738300
13.11119892,-268.08980000,-2.24738300
13.13167892,-268.08980000,-2.24738300
13.15215892,-268.08980000,-2.24738300
13.17263892,-268.08980000,-2.33741300
13.19311892,-277.04700000,-2.33741300
13.21359892,-277.04700000,-2.33741300
13.23407892,-272.56080000,-2.33741300
13.25455892,-277.04700000,-2.42744200
13.27503892,-277.04700000,-2.42744200
13.29551892,-277.04700000,-2.42744200
13.31599892,-277.04700000,-2.42744200
13.33647892,-277.04700000,-2.42744200
13.35695892,-281.51800000,-2.42744200
13.37743892,-281.51800000,-2.42744200
13.39791892,-281.51800000,-2.51716700
13.41839892,-281.51800000,-2.51716700
13.43887892,-286.00420000,-2.51716700
13.45935892,-286.00420000,-2.51716700
13.47983892,-286.00420000,-2.51716700
13.50031892,-286.00420000,-2.51716700
13.52079892,-286.00420000,-2.51716700
13.54127892,-290.49040000,-2.51716700
13.56175892,-286.00420000,-2.60719600
13.58223892,-290.49040000,-2.60719600
13.60271892,-290.49040000,-2.60719600
13.62319892,-294.96140000,-2.51716700
13.64367892,-294.96140000,-2.60719600
13.66415892,-294.96140000,-2.69722600
13.68463892,-294.96140000,-2.69722600
13.70511892,-294.96140000,-2.69722600
13.72559892,-294.96140000,-2.69722600
13.74607892,-294.96140000,-2.69722600
13.76655892,-299.44760000,-2.69722600
13.78703892,-294.96140000,-2.69722600
13.80751892,-299.44760000,-2.69722600
13.82799892,-299.44760000,-2.69722600
13.84847892,-299.44760000,-2.69722600
13.86895892,-303.91860000,-2.78695000
13.88943892,-299.44760000,-2.78695000
13.90991892,-303.91860000,-2.78695000
13.93039892,-303.91860000,-2.78695000
13.95087892,-303.91860000,-2.78695000
13.97135892,-303.91860000,-2.78695000
13.99183892,-303.91860000,-2.87698000
14.01231892,-303.91860000,-2.87698000
14.03279892,-303.91860000,-3.05673400
14.05327892,-308.40480000,-3.14676300
14.07375892,-303.91860000,-3.32651800
14.09423892,-308.40480000,-3.59630100
14.11471892,-308.40480000,-3.77605500
14.13519892,-312.89100000,-3.95611400
14.15567891,-312.89100000,-4.22589800
14.17615891,-312.89100000,-4.31562200
14.19663891,-308.40480000,-4.49568200
14.21711891,-308.40480000,-4.58540600
14.23759891,-312.89100000,-4.67543600
14.25807891,-312.89100000,-4.76546500
14.27855891,-312.89100000,-4.85519000
14.29903891,-312.89100000,-4.94521900
14.31951891,-312.89100000,-4.94521900
14.33999891,-312.89100000,-4.94521900
14.36047891,-312.89100000,-5.03524900
14.38095891,-312.89100000,-4.94521900
14.40143891,-312.89100000,-5.03524900
14.42191891,-312.89100000,-4.94521900
14.44239891,-312.89100000,-4.94521900
14.46287891,-312.89100000,-4.94521900
14.48335891,-312.89100000,-4.85519000
14.50383891,-312.89100000,-4.85519000
14.52431891,-312.89100000,-4.76546500
14.54479891,-312.89100000,-4.76546500
14.56527891,-312.89100000,-4.76546500
14.58575891,-312.89100000,-4.67543600
14.60623891,-312.89100000,-4.67543600
14.62671891,-312.89100000,-4.67543600
14.64719891,-312.89100000,-4.58540600
14.66767891,-312.89100000,-4.58540600
14.68815891,-312.89100000,-4.49568200
14.70863891,-312.89100000,-4.58540600
14.72911891,-312.89100000,-4.40565200
14.74959891,-312.89100000,-4.40565200
14.77007891,-312.89100000,-4.40565200
14.79055891,-312.89100000,-4.31562200
14.81103891,-312.89100000,-4.31562200
14.83151891,-312.89100000,-4.31562200
14.85199891,-317.36200000,-4.31562200
14.87247891,-312.89100000,-4.31562200
14.89295891,-317.36200000,-4.22589800
14.91343891,-317.36200000,-4.22589800
14.93391891,-312.89100000,-4.22589800
14.95439891,-312.89100000,-4.22589800
14.97487891,-317.36200000,-4.22589800
14.99535891,-317.36200000,-4.13586900
15.01583891,-317.36200000,-4.13586900
15.03631891,-317.36200000,-4.22589800
15.05679891,-317.36200000,-4.22589800
15.07727891,-317.36200000,-4.13586900
15.09775891,-317.36200000,-4.22589800
15.11823891,-317.36200000,-4.13586900
15.13871891,-317.36200000,-4.13586900
15.15919891,-317.36200000,-4.13586900
15.17967891,-317.36200000,-4.13586900
15.20015891,-317.36200000,-4.13586900
15.22063891,-317.36200000,-4.04583900
15.24111891,-317.36200000,-4.04583900
15.26159891,-317.36200000,-3.95611400
15.28207891,-317.36200000,-3.95611400
15.30255891,-317.36200000,-3.95611400
15.32303891,-317.36200000,-3.95611400
15.34351891,-317.36200000,-3.86608500
15.36399891,-317.36200000,-3.86608500
15.38447891,-317.36200000,-3.77605500
15.40495891,-317.36200000,-3.77605500
15.42543891,-317.36200000,-3.68633100
15.44591891,-317.36200000,-3.68633100
15.46639891,-317.36200000,-3.68633100
15.48687891,-317.36200000,-3.68633100
15.50735891,-317.36200000,-3.59630100
15.52783891,-317.36200000,-3.59630100
15.54831891,-317.36200000,-3.59630100
15.56879891,-317.36200000,-3.50627200
15.58927891,-317.36200000,-3.50627200
15.60975891,-317.36200000,-3.41654700
15.63023891,-317.36200000,-3.41654700
15.65071891,-317.36200000,-3.32651800
15.67119891,-317.36200000,-3.32651800
15.69167891,-317.36200000,-3.32651800
15.71215891,-317.36200000,-3.32651800
15.73263891,-317.36200000,-3.23648800
15.75311891,-317.36200000,-3.23648800
15.77359891,-317.36200000,-3.14676300
15.79407890,-317.36200000,-3.14676300
15.81455890,-317.36200000,-3.14676300
15.83503890,-317.36200000,-3.14676300
15.85551890,-317.36200000,-3.14676300
15.87599890,-317.36200000,-3.14676300
15.89647890,-312.89100000,-3.14676300
15.91695890,-312.89100000,-3.14676300
15.93743890,-312.89100000,-3.14676300
15.95791890,-312.89100000,-3.14676300
15.97839890,-312.89100000,-3.14676300
15.99887890,-312.89100000,-3.14676300
16.01935890,-312.89100000,-3.14676300
16.03983890,-312.89100000,-3.14676300
16.06031890,-312.89100000,-3.14676300
16.08079890,-312.89100000,-3.14676300
16.10127890,-312.89100000,-3.14676300
16.12175890,-312.89100000,-3.14676300
16.14223890,-312.89100000,-3.14676300
16.16271890,-312.89100000,-3.14676300
16.18319890,-312.89100000,-3.14676300
16.20367890,-312.89100000,-3.14676300
16.22415890,-308.40480000,-3.14676300
16.24463890,-308.40480000,-3.14676300
16.26511890,-303.91860000,-3.14676300
16.28559890,-303.91860000,-3.14676300
16.30607890,-303.91860000,-3.14676300
16.32655890,-303.91860000,-3.05673400
16.34703890,-303.91860000,-3.14676300
16.36751890,-303.91860000,-3.14676300
16.38799890,-303.91860000,-3.14676300
16.40847890,-299.44760000,-3.14676300
16.42895890,-299.44760000,-3.14676300
16.44943890,-299.44760000,-3.14676300
16.46991890,-294.96140000,-3.14676300
16.49039890,-294.96140000,-3.05673400
16.51087890,-294.96140000,-3.05673400
16.53135890,-290.49040000,-3.05673400
16.55183890,-290.49040000,-3.05673400
16.57231890,-290.49040000,-3.05673400
16.59279890,-286.00420000,-3.05673400
16.61327890,-286.00420000,-3.05673400
16.63375890,-286.00420000,-3.05673400
16.65423890,-281.51800000,-3.05673400
16.67471890,-277.04700000,-3.05673400
16.69519890,-281.51800000,-3.05673400
16.71567890,-277.04700000,-3.05673400
16.73615890,-277.04700000,-3.05673400
16.75663890,-277.04700000,-3.05673400
16.77711890,-277.04700000,-2.96701000
16.79759890,-272.56080000,-2.96701000
16.81807890,-268.08980000,-2.96701000
16.83855890,-268.08980000,-2.96701000
16.85903890,-268.08980000,-2.96701000
16.87951890,-263.60360000,-2.96701000
16.89999890,-263.60360000,-2.96701000
16.92047890,-263.60360000,-2.96701000
16.94095890,-259.11740000,-2.96701000
16.96143890,-259.11740000,-2.96701000
16.98191890,-259.11740000,-2.96701000
17.00239890,-259.11740000,-2.96701000
17.02287890,-259.11740000,-2.96701000
17.04335890,-259.11740000,-2.96701000
17.06383890,-254.64640000,-2.87698000
17.08431890,-254.64640000,-2.87698000
17.10479890,-250.16020000,-2.87698000
17.12527890,-250.16020000,-2.87698000
17.14575890,-250.16020000,-2.87698000
17.16623890,-250.16020000,-2.87698000
17.18671890,-250.16020000,-2.87698000
17.20719890,-245.67400000,-2.87698000
17.22767890,-245.67400000,-2.87698000
17.24815890,-241.20300000,-2.87698000
17.26863890,-241.20300000,-2.78695000
17.28911890,-241.20300000,-2.87698000
17.30959890,-241.20300000,-2.78695000
17.33007890,-241.20300000,-2.78695000
17.35055890,-241.20300000,-2.78695000
17.37103890,-241.20300000,-2.78695000
17.39151890,-236.71680000,-2.78695000
17.41199890,-236.71680000,-2.78695000
17.43247889,-232.24580000,-2.69722600
17.45295889,-232.24580000,-2.78695000
17.47343889,-232.24580000,-2.69722600
17.49391889,-227.75960000,-2.78695000
17.51439889,-227.75960000,-2.69722600
17.53487889,-227.75960000,-2.69722600
17.55535889,-223.27340000,-2.69722600
17.57583889,-223.27340000,-2.69722600
17.59631889,-223.27340000,-2.69722600
17.61679889,-223.27340000,-2.69722600
17.63727889,-223.27340000,-2.69722600
17.65775889,-223.27340000,-2.69722600
17.67823889,-214.31620000,-2.60719600
17.69871889,-214.31620000,-2.60719600
17.71919889,-214.31620000,-2.60719600
17.73967889,-214.31620000,-2.60719600
17.76015889,-209.84530000,-2.60719600
17.78063889,-205.35910000,-2.51716700
17.80111889,-205.35910000,-2.51716700
17.82159889,-205.35910000,-2.51716700
17.84207889,-205.35910000,-2.51716700
17.86255889,-200.87280000,-2.51716700
17.88303889,-200.87280000,-2.51716700
17.90351889,-196.40190000,-2.51716700
17.92399889,-196.40190000,-2.51716700
17.94447889,-196.40190000,-2.51716700
17.96495889,-196.40190000,-2.51716700
17.98543889,-191.91560000,-2.42744200
18.00591889,-191.91560000,-2.42744200
18.02639889,-187.44470000,-2.51716700
18.04687889,-187.44470000,-2.42744200
18.06735889,-187.44470000,-2.42744200
18.08783889,-187.44470000,-2.42744200
18.10831889,-178.47220000,-2.42744200
18.12879889,-178.47220000,-2.42744200
18.14927889,-174.00130000,-2.33741300
18.16975889,-174.00130000,-2.33741300
18.19023889,-174.00130000,-2.33741300
18.21071889,-174.00130000,-2.33741300
18.23119889,-169.51510000,-2.33741300
18.25167889,-169.51510000,-2.33741300
18.27215889,-169.51510000,-2.24738300
18.29263889,-165.02880000,-2.24738300
18.31311889,-160.55790000,-2.24738300
18.33359889,-160.55790000,-2.24738300
18.35407889,-160.55790000,-2.24738300
18.37455889,-160.55790000,-2.24738300
18.39503889,-160.55790000,-2.24738300
18.41551889,-156.07170000,-2.24738300
18.43599889,-151.60070000,-2.15765900
18.45647889,-151.60070000,-2.15765900
18.47695889,-151.60070000,-2.15765900
18.49743889,-151.60070000,-2.15765900
18.51791889,-151.60070000,-2.15765900
18.53839889,-142.62830000,-2.15765900
18.55887889,-142.62830000,-2.15765900
18.57935889,-142.62830000,-2.15765900
18.59983889,-138.15730000,-2.15765900
18.62031889,-138.15730000,-2.06762900
18.64079889,-133.67110000,-2.06762900
18.66127889,-133.67110000,-2.06762900
18.68175889,-133.67110000,-2.06762900
18.70223889,-133.67110000,-1.97759900
18.72271889,-129.20010000,-2.06762900
18.74319889,-124.71390000,-1.97759900
18.76367889,-124.71390000,-1.97759900
18.78415889,-124.71390000,-1.97759900
18.80463889,-120.22770000,-1.97759900
18.82511889,-120.22770000,-1.97759900
18.84559889,-115.75670000,-1.88787500
18.86607889,-115.75670000,-1.88787500
18.88655889,-115.75670000,-1.88787500
18.90703889,-111.27050000,-1.88787500
18.92751889,-111.27050000,-1.88787500
18.94799889,-106.79950000,-1.79784500
18.96847889,-106.79950000,-1.79784500
18.98895889,-102.31330000,-1.79784500
19.00943889,-102.31330000,-1.79784500
19.02991889,-97.82708000,-1.79784500
19.05039889,-97.82708000,-1.79784500
19.07087889,-97.82708000,-1.79784500
19.09135888,-93.35612000,-1.79784500
19.11183888,-88.86990000,-1.70781600
19.13231888,-88.86990000,-1.70781600
19.15279888,-88.86990000,-1.70781600
19.17327888,-84.39894000,-1.70781600
19.19375888,-84.39894000,-1.70781600
19.21423888,-79.91272000,-1.70781600
19.23471888,-79.91272000,-1.70781600
19.25519888,-79.91272000,-1.61809100
19.27567888,-75.42650000,-1.61809100
19.29615888,-75.42650000,-1.61809100
19.31663888,-70.95554000,-1.61809100
19.33711888,-70.95554000,-1.61809100
19.35759888,-66.46931000,-1.61809100
19.37807888,-66.46931000,-1.52806200
19.39855888,-61.98309000,-1.52806200
19.41903888,-61.98309000,-1.52806200
19.43951888,-61.98309000,-1.52806200
19.45999888,-57.51213000,-1.52806200
19.48047888,-57.51213000,-1.43803200
19.50095888,-53.02591000,-1.43803200
19.52143888,-53.02591000,-1.43803200
19.54191888,-53.02591000,-1.43803200
19.56239888,-48.55495000,-1.43803200
19.58287888,-48.55495000,-1.34830800
19.60335888,-44.06873000,-1.34830800
19.62383888,-44.06873000,-1.34830800
19.64431888,-44.06873000,-1.34830800
19.66479888,-35.11155000,-1.34830800
19.68527888,-35.11155000,-1.34830800
19.70575888,-35.11155000,-1.25827800
19.72623888,-35.11155000,-1.25827800
19.74671888,-30.62533000,-1.25827800
19.76719888,-30.62533000,-1.25827800
19.78767888,-26.15436000,-1.25827800
19.80815888,-26.15436000,-1.16824900
19.82863888,-26.15436000,-1.16824900
19.84911888,-21.66814000,-1.16824900
19.86959888,-17.18192000,-1.16824900
19.89007888,-17.18192000,-1.16824900
19.91055888,-17.18192000,-1.07852400
19.93103888,-12.71096000,-1.07852400
19.95151888,-12.71096000,-1.07852400
19.97199888,-8.22473800,-1.07852400
19.99247888,-8.22473800,-1.07852400
20.01295888,-3.75377700,-0.98849450
20.03343888,-3.75377700,-1.07852400
20.05391888,0.73244420,-0.98849450
20.07439888,0.73244420,-0.98849450
20.09487888,5.21866500,-0.89846490
20.11535888,9.68962700,-0.98849450
20.13583888,9.68962700,-0.89846490
20.15631888,9.68962700,-0.89846490
20.17679888,14.17585000,-0.80874050
20.19727888,18.64681000,-0.80874050
20.21775888,18.64681000,-0.80874050
20.23823888,23.11777000,-0.80874050
20.25871888,23.11777000,-0.71871090
20.27919888,23.11777000,-0.71871090
20.29967888,27.60399000,-0.71871090
20.32015888,27.60399000,-0.71871090
20.34063888,32.07495000,-0.71871090
20.36111888,36.56117000,-0.62868130
20.38159888,36.56117000,-0.62868130
20.40207888,36.56117000,-0.62868130
20.42255888,41.04739000,-0.53895690
20.44303888,45.51836000,-0.53895690
20.46351888,45.51836000,-0.53895690
20.48399888,45.51836000,-0.44892730
20.50447888,50.00458000,-0.44892730
20.52495888,54.47554000,-0.44892730
20.54543888,54.47554000,-0.44892730
20.56591888,58.96176000,-0.35889770
20.58639888,54.47554000,-0.35889770
20.60687888,58.96176000,-0.35889770
20.62735888,58.96176000,-0.35889770
20.64783888,63.44798000,-0.26917330
20.66831888,63.44798000,-0.26917330
20.68879888,63.44798000,-0.26917330
20.70927888,67.91895000,-0.17914370
20.72975887,72.40517000,-0.17914370
20.75023887,72.40517000,-0.17914370
20.77071887,76.87613000,-0.17914370
20.79119887,76.87613000,-0.08941923
20.81167887,76.87613000,-0.08941923
20.83215887,81.36235000,-0.08941923
20.85263887,81.36235000,0.00030519
20.87311887,81.36235000,0.00030519
20.89359887,81.36235000,0.00030519
20.91407887,85.84857000,0.00030519
20.93455887,85.84857000,0.09033479
20.95503887,90.31953000,0.09033479
20.97551887,90.31953000,0.09033479
20.99599887,90.31953000,0.09033479
21.01647887,94.80575000,0.18005920
21.03695887,94.80575000,0.18005920
21.05743887,99.27671000,0.18005920
21.07791887,99.27671000,0.27008880
21.09839887,99.27671000,0.27008880
21.11887887,103.76290000,0.27008880
21.13935887,103.76290000,0.36011840
21.15983887,108.24920000,0.36011840
21.18031887,108.24920000,0.36011840
21.20079887,108.24920000,0.36011840
21.22127887,112.72010000,0.36011840
21.24175887,112.72010000,0.44984280
21.26223887,117.20630000,0.44984280
21.28271887,117.20630000,0.44984280
21.30319887,117.20630000,0.53987240
21.32367887,117.20630000,0.53987240
21.34415887,121.69260000,0.53987240
21.36463887,121.69260000,0.53987240
21.38511887,126.16350000,0.53987240
21.40559887,126.16350000,0.62990200
21.42607887,126.16350000,0.62990200
21.44655887,135.12070000,0.62990200
21.46703887,135.12070000,0.71962650
21.48751887,135.12070000,0.71962650
21.50799887,135.12070000,0.71962650
21.52847887,139.60690000,0.71962650
21.54895887,139.60690000,0.71962650
21.56943887,144.09310000,0.80965610
21.58991887,144.09310000,0.71962650
21.61039887,148.56410000,0.80965610
21.63087887,148.56410000,0.80965610
21.65135887,148.56410000,0.80965610
21.67183887,153.05030000,0.89968560
21.69231887,153.05030000,0.89968560
21.71279887,153.05030000,0.98941000
21.73327887,157.52130000,0.98941000
21.75375887,157.52130000,0.98941000
21.77423887,162.00750000,0.98941000
21.79471887,162.00750000,0.98941000
21.81519887,166.49370000,1.07944000
21.83567887,162.00750000,1.07944000
21.85615887,166.49370000,1.07944000
21.87663887,170.96470000,1.07944000
21.89711887,170.96470000,1.07944000
21.91759887,170.96470000,1.16946900
21.93807887,170.96470000,1.16946900
21.95855887,175.45090000,1.16946900
21.97903887,179.92190000,1.16946900
21.99951887,179.92190000,1.25919400
22.01999887,179.92190000,1.25919400
22.04047887,179.92190000,1.25919400
22.06095887,188.89430000,1.34922300
22.08143887,184.40810000,1.25919400
22.10191887,188.89430000,1.34922300
22.12239887,188.89430000,1.34922300
22.14287887,188.89430000,1.34922300
22.16335887,188.89430000,1.34922300
22.18383887,193.36530000,1.43925300
22.20431887,197.85150000,1.43925300
22.22479887,197.85150000,1.43925300
22.24527887,197.85150000,1.43925300
22.26575887,197.85150000,1.43925300
22.28623887,202.32250000,1.43925300
22.30671887,202.32250000,1.52897700
22.32719887,202.32250000,1.52897700
22.34767887,206.80870000,1.52897700
22.36815886,206.80870000,1.61900700
22.38863886,206.80870000,1.52897700
22.40911886,211.29490000,1.61900700
22.42959886,211.29490000,1.61900700
22.45007886,215.76590000,1.61900700
22.47055886,215.76590000,1.70903700
22.49103886,215.76590000,1.70903700
22.51151886,220.25210000,1.70903700
22.53199886,224.73830000,1.70903700
22.55247886,220.25210000,1.79876100
22.57295886,224.73830000,1.79876100
22.59343886,224.73830000,1.79876100
22.61391886,229.20930000,1.79876100
22.63439886,229.20930000,1.79876100
22.65487886,233.69550000,1.88879100
22.67535886,233.69550000,1.88879100
22.69583886,233.69550000,1.88879100
22.71631886,238.16650000,1.88879100
22.73679886,238.16650000,1.88879100
22.75727886,242.65270000,1.97882000
22.77775886,242.65270000,1.97882000
22.79823886,242.65270000,1.97882000
22.81871886,242.65270000,2.06854500
22.83919886,242.65270000,1.97882000
22.85967886,247.13890000,2.06854500
22.88015886,251.60980000,2.06854500
22.90063886,251.60980000,2.15857400
22.92111886,251.60980000,2.06854500
22.94159886,251.60980000,2.15857400
22.96207886,256.09610000,2.15857400
22.98255886,256.09610000,2.15857400
23.00303886,260.56700000,2.15857400
23.02351886,260.56700000,2.15857400
23.04399886,260.56700000,2.15857400
23.06447886,260.56700000,2.24860400
23.08495886,265.05330000,2.24860400
23.10543886,265.05330000,2.33832800
23.12591886,265.05330000,2.33832800
23.14639886,269.53950000,2.33832800
23.16687886,269.53950000,2.33832800
23.18735886,269.53950000,2.33832800
23.20783886,269.53950000,2.33832800
23.22831886,269.53950000,2.42835800
23.24879886,274.01040000,2.33832800
23.26927886,278.49660000,2.42835800
23.28975886,274.01040000,2.42835800
23.31023886,274.01040000,2.42835800
23.33071886,278.49660000,2.42835800
23.35119886,278.49660000,2.51838700
23.37167886,278.49660000,2.51838700
23.39215886,278.49660000,2.51838700
23.41263886,278.49660000,2.51838700
23.43311886,278.49660000,2.51838700
23.45359886,282.96760000,2.51838700
23.47407886,282.96760000,2.51838700
23.49455886,282.96760000,2.51838700
23.51503886,282.96760000,2.60811200
23.53551886,282.96760000,2.60811200
23.55599886,287.45390000,2.60811200
23.57647886,287.45390000,2.60811200
23.59695886,287.45390000,2.60811200
23.61743886,287.45390000,2.60811200
23.63791886,287.45390000,2.60811200
23.65839886,287.45390000,2.60811200
23.67887886,291.94010000,2.60811200
23.69935886,291.94010000,2.69814100
23.71983886,291.94010000,2.69814100
23.74031886,291.94010000,2.69814100
23.76079886,291.94010000,2.69814100
23.78127886,296.41100000,2.69814100
23.80175886,296.41100000,2.69814100
23.82223886,296.41100000,2.69814100
23.84271886,296.41100000,2.78817100
23.86319886,296.41100000,2.78817100
23.88367886,296.41100000,2.78817100
23.90415886,296.41100000,2.78817100
23.92463886,296.41100000,2.78817100
23.94511886,296.41100000,2.78817100
23.96559886,296.41100000,2.78817100
23.98607886,300.89720000,2.78817100
24.00655886,300.89720000,2.87789600
24.02703885,305.38350000,2.96792500
24.04751885,305.38350000,3.14767900
24.06799885,305.38350000,3.41746300
24.08847885,305.38350000,3.59721700
24.10895885,305.38350000,3.86700000
24.12943885,305.38350000,4.04706000
24.14991885,305.38350000,4.31684300
24.17039885,305.38350000,4.49659700
24.19087885,305.38350000,4.67635100
24.21135885,305.38350000,4.67635100
24.23183885,305.38350000,4.85641100
24.25231885,305.38350000,4.94613500
24.27279885,305.38350000,5.03616400
24.29327885,305.38350000,5.03616400
24.31375885,305.38350000,5.03616400
24.33423885,305.38350000,5.03616400
24.35471885,305.38350000,5.03616400
24.37519885,305.38350000,5.12619400
24.39567885,309.85440000,5.03616400
24.41615885,305.38350000,5.03616400
24.43663885,305.38350000,5.03616400
24.45711885,309.85440000,4.94613500
24.47759885,305.38350000,4.94613500
24.49807885,309.85440000,4.85641100
24.51855885,309.85440000,4.85641100
24.53903885,305.38350000,4.76638100
24.55951885,309.85440000,4.76638100
24.57999885,309.85440000,4.67635100
24.60047885,305.38350000,4.67635100
24.62095885,309.85440000,4.58662700
24.64143885,309.85440000,4.58662700
24.66191885,309.85440000,4.58662700
24.68239885,309.85440000,4.49659700
24.70287885,309.85440000,4.49659700
24.72335885,309.85440000,4.40656800
24.74383885,309.85440000,4.40656800
24.76431885,309.85440000,4.31684300
24.78479885,309.85440000,4.31684300
24.80527885,309.85440000,4.31684300
24.82575885,309.85440000,4.31684300
24.84623885,309.85440000,4.22681400
24.86671885,309.85440000,4.22681400
24.88719885,309.85440000,4.22681400
24.90767885,314.34060000,4.13678400
24.92815885,309.85440000,4.13678400
24.94863885,309.85440000,4.13678400
24.96911885,309.85440000,4.13678400
24.98959885,314.34060000,4.04706000
25.01007885,309.85440000,4.04706000
25.03055885,314.34060000,4.04706000
25.05103885,314.34060000,4.04706000
25.07151885,309.85440000,4.04706000
25.09199885,314.34060000,4.04706000
25.11247885,314.34060000,4.04706000
25.13295885,314.34060000,4.04706000
25.15343885,314.34060000,4.04706000
25.17391885,314.34060000,3.95703000
25.19439885,314.34060000,3.95703000
25.21487885,314.34060000,3.95703000
25.23535885,314.34060000,3.95703000
25.25583885,314.34060000,3.86700000
25.27631885,314.34060000,3.86700000
25.29679885,314.34060000,3.86700000
25.31727885,314.34060000,3.77727600
25.33775885,314.34060000,3.77727600
25.35823885,314.34060000,3.77727600
25.37871885,314.34060000,3.68724600
25.39919885,314.34060000,3.68724600
25.41967885,314.34060000,3.59721700
25.44015885,314.34060000,3.59721700
25.46063885,314.34060000,3.59721700
25.48111885,314.34060000,3.59721700
25.50159885,314.34060000,3.50749200
25.52207885,314.34060000,3.50749200
25.54255885,314.34060000,3.50749200
25.56303885,314.34060000,3.50749200
25.58351885,309.85440000,3.41746300
25.60399885,309.85440000,3.41746300
25.62447885,314.34060000,3.32743300
25.64495885,309.85440000,3.32743300
25.66543884,314.34060000,3.32743300
25.68591884,314.34060000,3.32743300
25.70639884,314.34060000,3.32743300
25.72687884,314.34060000,3.32743300
25.74735884,314.34060000,3.23770900
25.76783884,309.85440000,3.23770900
25.78831884,314.34060000,3.23770900
25.80879884,309.85440000,3.14767900
25.82927884,309.85440000,3.14767900
25.84975884,314.34060000,3.14767900
25.87023884,309.85440000,3.14767900
25.89071884,309.85440000,3.14767900
25.91119884,309.85440000,3.23770900
25.93167884,309.85440000,3.05764900
25.95215884,309.85440000,3.14767900
25.97263884,309.85440000,3.14767900
25.99311884,309.85440000,3.14767900
26.01359884,309.85440000,3.14767900
26.03407884,309.85440000,3.23770900
26.05455884,309.85440000,3.14767900
26.07503884,309.85440000,3.14767900
26.09551884,305.38350000,3.14767900
26.11599884,309.85440000,3.23770900
26.13647884,305.38350000,3.14767900
26.15695884,305.38350000,3.14767900
26.17743884,305.38350000,3.14767900
26.19791884,305.38350000,3.14767900
26.21839884,305.38350000,3.14767900
26.23887884,305.38350000,3.23770900
26.25935884,305.38350000,3.23770900
26.27983884,305.38350000,3.23770900
26.30031884,300.89720000,3.14767900
26.32079884,300.89720000,3.14767900
26.34127884,296.41100000,3.23770900
26.36175884,296.41100000,3.14767900
26.38223884,296.41100000,3.14767900
26.40271884,296.41100000,3.14767900
26.42319884,296.41100000,3.14767900
26.44367884,296.41100000,3.14767900
26.46415884,291.94010000,3.14767900
26.48463884,291.94010000,3.14767900
26.50511884,291.94010000,3.05764900
26.52559884,287.45390000,3.14767900
26.54607884,287.45390000,3.05764900
26.56655884,287.45390000,3.05764900
26.58703884,282.96760000,3.14767900
26.60751884,278.49660000,3.05764900
26.62799884,278.49660000,3.05764900
26.64847884,278.49660000,3.05764900
26.66895884,278.49660000,3.05764900
26.68943884,274.01040000,3.05764900
26.70991884,274.01040000,3.05764900
26.73039884,274.01040000,3.05764900
26.75087884,269.53950000,3.05764900
26.77135884,269.53950000,2.96792500
26.79183884,269.53950000,2.96792500
26.81231884,265.05330000,2.96792500
26.83279884,269.53950000,2.96792500
26.85327884,260.56700000,2.96792500
26.87375884,260.56700000,2.96792500
26.89423884,260.56700000,2.96792500
26.91471884,260.56700000,2.96792500
26.93519884,256.09610000,2.96792500
26.95567884,256.09610000,2.96792500
26.97615884,256.09610000,2.87789600
26.99663884,251.60980000,2.87789600
27.01711884,251.60980000,2.87789600
27.03759884,251.60980000,2.87789600
27.05807884,251.60980000,2.87789600
27.07855884,247.13890000,2.87789600
27.09903884,242.65270000,2.87789600
27.11951884,247.13890000,2.87789600
27.13999884,242.65270000,2.87789600
27.16047884,242.65270000,2.87789600
27.18095884,242.65270000,2.87789600
27.20143884,242.65270000,2.78817100
27.22191884,238.16650000,2.78817100
27.24239884,238.16650000,2.87789600
27.26287884,238.16650000,2.78817100
27.28335884,238.16650000,2.78817100
27.30383883,233.69550000,2.78817100
27.32431883,233.69550000,2.78817100
27.34479883,233.69550000,2.78817100
27.36527883,233.69550000,2.78817100
27.38575883,229.20930000,2.69814100
27.40623883,229.20930000,2.78817100
27.42671883,229.20930000,2.78817100
27.44719883,224.73830000,2.69814100
27.46767883,224.73830000,2.78817100
27.48815883,224.73830000,2.69814100
27.50863883,224.73830000,2.69814100
27.52911883,224.73830000,2.69814100
27.54959883,224.73830000,2.69814100
27.57007883,224.73830000,2.69814100
27.59055883,220.25210000,2.69814100
27.61103883,215.76590000,2.69814100
27.63151883,215.76590000,2.69814100
27.65199883,215.76590000,2.60811200
27.67247883,215.76590000,2.60811200
27.69295883,215.76590000,2.60811200
27.71343883,206.80870000,2.60811200
27.73391883,206.80870000,2.60811200
27.75439883,206.80870000,2.60811200
27.77487883,206.80870000,2.60811200
27.79535883,206.80870000,2.60811200
27.81583883,202.32250000,2.60811200
27.83631883,202.32250000,2.51838700
27.85679883,197.85150000,2.51838700
27.87727883,197.85150000,2.51838700
27.89775883,197.85150000,2.51838700
27.91823883,197.85150000,2.51838700
27.93871883,193.36530000,2.51838700
27.95919883,188.89430000,2.51838700
27.97967883,188.89430000,2.51838700
28.00015883,188.89430000,2.51838700
28.02063883,184.40810000,2.42835800
28.04111883,184.40810000,2.42835800
28.06159883,179.92190000,2.51838700
28.08207883,179.92190000,2.42835800
28.10255883,179.92190000,2.42835800
28.12303883,179.92190000,2.42835800
28.14351883,170.96470000,2.42835800
28.16399883,170.96470000,2.33832800
28.18447883,170.96470000,2.33832800
28.20495883,170.96470000,2.33832800
28.22543883,166.49370000,2.33832800
28.24591883,166.49370000,2.33832800
28.26639883,162.00750000,2.33832800
28.28687883,162.00750000,2.33832800
28.30735883,162.00750000,2.33832800
28.32783883,162.00750000,2.33832800
28.34831883,153.05030000,2.24860400
28.36879883,153.05030000,2.24860400
28.38927883,153.05030000,2.24860400
28.40975883,153.05030000,2.24860400
28.43023883,153.05030000,2.15857400
28.45071883,148.56410000,2.15857400
28.47119883,148.56410000,2.15857400
28.49167883,144.09310000,2.15857400
28.51215883,144.09310000,2.15857400
28.53263883,139.60690000,2.15857400
28.55311883,144.09310000,2.15857400
28.57359883,135.12070000,2.15857400
28.59407883,135.12070000,2.15857400
28.61455883,135.12070000,2.06854500
28.63503883,130.64970000,2.06854500
28.65551883,130.64970000,2.06854500
28.67599883,130.64970000,2.06854500
28.69647883,126.16350000,2.06854500
28.71695883,126.16350000,2.06854500
28.73743883,121.69260000,1.97882000
28.75791883,121.69260000,1.97882000
28.77839883,117.20630000,1.97882000
28.79887883,117.20630000,1.97882000
28.81935883,117.20630000,1.97882000
28.83983883,112.72010000,1.88879100
28.86031883,108.24920000,1.88879100
28.88079883,108.24920000,1.88879100
28.90127883,108.24920000,1.88879100
28.92175883,103.76290000,1.88879100
28.94223883,103.76290000,1.88879100
28.96271882,99.27671000,1.79876100
28.98319882,99.27671000,1.79876100
29.00367882,99.27671000,1.79876100
29.02415882,94.80575000,1.79876100
29.04463882,94.80575000,1.79876100
29.06511882,90.31953000,1.79876100
29.08559882,90.31953000,1.79876100
29.10607882,90.31953000,1.79876100
29.12655882,90.31953000,1.79876100
29.14703882,81.36235000,1.70903700
29.16751882,81.36235000,1.79876100
29.18799882,81.36235000,1.70903700
29.20847882,81.36235000,1.61900700
29.22895882,76.87613000,1.70903700
29.24943882,76.87613000,1.70903700
29.26991882,72.40517000,1.61900700
29.29039882,72.40517000,1.61900700
29.31087882,72.40517000,1.61900700
29.33135882,63.44798000,1.52897700
29.35183882,63.44798000,1.52897700
29.37231882,63.44798000,1.52897700
29.39279882,63.44798000,1.52897700
29.41327882,58.96176000,1.52897700
29.43375882,54.47554000,1.52897700
29.45423882,54.47554000,1.52897700
29.47471882,54.47554000,1.43925300
29.49519882,54.47554000,1.43925300
29.51567882,45.51836000,1.43925300
29.53615882,45.51836000,1.43925300
29.55663882,45.51836000,1.43925300
29.57711882,45.51836000,1.34922300
29.59759882,36.56117000,1.43925300
29.61807882,36.56117000,1.34922300
29.63855882,36.56117000,1.34922300
29.65903882,36.56117000,1.34922300
29.67951882,32.07495000,1.34922300
29.69999882,27.60399000,1.25919400
29.72047882,27.60399000,1.25919400
29.74095882,27.60399000,1.25919400
29.76143882,23.11777000,1.25919400
29.78191882,23.11777000,1.16946900
29.80239882,18.64681000,1.16946900
29.82287882,18.64681000,1.16946900
29.84335882,14.17585000,1.16946900
29.86383882,14.17585000,1.16946900
29.88431882,9.68962700,1.07944000
29.90479882,9.68962700,1.07944000
29.92527882,9.68962700,1.07944000
29.94575882,9.68962700,1.07944000
29.96623882,5.21866500,1.07944000
29.98671882,0.73244420,1.07944000
30.00719882,0.73244420,1.07944000
30.02767882,0.73244420,0.98941000
30.04815882,-3.75377700,0.98941000
30.06863882,-8.22473800,0.98941000
30.08911882,-8.22473800,0.98941000
30.10959882,-12.71096000,0.89968560
30.13007882,-12.71096000,0.89968560
30.15055882,-17.18192000,0.80965610
30.17103882,-17.18192000,0.80965610
30.19151882,-17.18192000,0.80965610
30.21199882,-21.66814000,0.80965610
30.23247882,-26.15436000,0.80965610
30.25295882,-26.15436000,0.80965610
30.27343882,-30.62533000,0.71962650
30.29391882,-30.62533000,0.71962650
30.31439882,-35.11155000,0.71962650
30.33487882,-35.11155000,0.71962650
30.35535882,-35.11155000,0.62990200
30.37583882,-44.06873000,0.62990200
30.39631882,-44.06873000,0.62990200
30.41679882,-44.06873000,0.62990200
30.43727882,-48.55495000,0.53987240
30.45775882,-48.55495000,0.53987240
30.47823882,-53.02591000,0.53987240
30.49871882,-53.02591000,0.53987240
30.51919882,-53.02591000,0.44984280
30.53967882,-57.51213000,0.44984280
30.56015882,-61.98309000,0.36011840
30.58063882,-61.98309000,0.36011840
30.60111881,-61.98309000,0.36011840
30.62159881,-61.98309000,0.36011840
30.64207881,-66.46931000,0.36011840
30.66255881,-66.46931000,0.27008880
30.68303881,-70.95554000,0.27008880
30.70351881,-70.95554000,0.27008880
30.72399881,-70.95554000,0.27008880
30.74447881,-75.42650000,0.18005920
30.76495881,-79.91272000,0.09033479
30.78543881,-79.91272000,0.18005920
30.80591881,-84.39894000,0.09033479
30.82639881,-84.39894000,0.09033479
30.84687881,-84.39894000,0.09033479
30.86735881,-88.86990000,0.00030519
30.88783881,-88.86990000,0.00030519
30.90831881,-88.86990000,0.00030519
30.92879881,-88.86990000,0.00030519
30.94927881,-88.86990000,-0.08941923
30.96975881,-93.35612000,0.00030519
30.99023881,-97.82708000,-0.08941923
31.01071881,-97.82708000,-0.08941923
31.03119881,-97.82708000,-0.17914370
31.05167881,-102.31330000,-0.17914370
31.07215881,-106.79950000,-0.17914370
31.09263881,-106.79950000,-0.26917330
31.11311881,-106.79950000,-0.26917330
31.13359881,-106.79950000,-0.26917330
31.15407881,-106.79950000,-0.26917330
31.17455881,-111.27050000,-0.35889770
31.19503881,-115.75670000,-0.35889770
31.21551881,-115.75670000,-0.35889770
31.23599881,-115.75670000,-0.35889770
31.25647881,-115.75670000,-0.35889770
31.27695881,-120.22770000,-0.44892730
31.29743881,-120.22770000,-0.44892730
31.31791881,-120.22770000,-0.44892730
31.33839881,-124.71390000,-0.53895690
31.35887881,-124.71390000,-0.53895690
31.37935881,-129.20010000,-0.53895690
31.39983881,-129.20010000,-0.53895690
31.42031881,-129.20010000,-0.62868130
31.44079881,-133.67110000,-0.62868130
31.46127881,-133.67110000,-0.71871090
31.48175881,-138.15730000,-0.71871090
31.50223881,-138.15730000,-0.71871090
31.52271881,-142.62830000,-0.71871090
31.54319881,-142.62830000,-0.71871090
31.56367881,-142.62830000,-0.80874050
31.58415881,-142.62830000,-0.80874050
31.60463881,-151.60070000,-0.80874050
31.62511881,-151.60070000,-0.80874050
31.64559881,-151.60070000,-0.89846490
31.66607881,-156.07170000,-0.89846490
31.68655881,-156.07170000,-0.89846490
31.70703881,-160.55790000,-0.98849450
31.72751881,-160.55790000,-0.98849450
31.74799881,-160.55790000,-0.98849450
31.76847881,-165.02880000,-0.98849450
31.78895881,-169.51510000,-0.98849450
31.80943881,-169.51510000,-1.07852400
31.82991881,-169.51510000,-1.07852400
31.85039881,-169.51510000,-1.07852400
31.87087881,-174.00130000,-1.07852400
31.89135881,-174.00130000,-1.07852400
31.91183881,-174.00130000,-1.16824900
31.93231881,-178.47220000,-1.16824900
31.95279881,-178.47220000,-1.25827800
31.97327881,-182.95850000,-1.25827800
31.99375881,-187.44470000,-1.25827800
32.01423881,-187.44470000,-1.25827800
32.03471881,-187.44470000,-1.25827800
32.05519881,-187.44470000,-1.25827800
32.07567881,-187.44470000,-1.34830800
32.09615881,-191.91560000,-1.34830800
32.11663881,-191.91560000,-1.34830800
32.13711881,-191.91560000,-1.34830800
32.15759881,-196.40190000,-1.43803200
32.17807881,-196.40190000,-1.43803200
32.19855881,-196.40190000,-1.43803200
32.21903881,-196.40190000,-1.43803200
32.23951880,-205.35910000,-1.43803200
32.25999880,-205.35910000,-1.43803200
32.28047880,-205.35910000,-1.52806200
32.30095880,-205.35910000,-1.52806200
32.32143880,-205.35910000,-1.52806200
32.34191880,-209.84530000,-1.61809100
32.36239880,-209.84530000,-1.61809100
32.38287880,-209.84530000,-1.61809100
32.40335880,-214.31620000,-1.61809100
32.42383880,-214.31620000,-1.61809100
32.44431880,-214.31620000,-1.70781600
32.46479880,-218.80250000,-1.70781600
32.48527880,-223.27340000,-1.70781600
32.50575880,-223.27340000,-1.70781600
32.52623880,-223.27340000,-1.79784500
32.54671880,-227.75960000,-1.79784500
32.56719880,-227.75960000,-1.79784500
32.58767880,-227.75960000,-1.79784500
32.60815880,-227.75960000,-1.79784500
32.62863880,-232.24580000,-1.79784500
32.64911880,-232.24580000,-1.88787500
32.66959880,-236.71680000,-1.88787500
32.69007880,-241.20300000,-1.88787500
32.71055880,-241.20300000,-1.88787500
32.73103880,-241.20300000,-1.88787500
32.75151880,-245.67400000,-1.97759900
32.77199880,-241.20300000,-1.97759900
32.79247880,-245.67400000,-1.97759900
32.81295880,-250.16020000,-1.97759900
32.83343880,-250.16020000,-2.06762900
32.85391880,-250.16020000,-2.06762900
32.87439880,-254.64640000,-2.06762900
32.89487880,-254.64640000,-2.15765900
32.91535880,-259.11740000,-2.15765900
32.93583880,-259.11740000,-2.15765900
32.95631880,-259.11740000,-2.15765900
32.97679880,-259.11740000,-2.15765900
32.99727880,-263.60360000,-2.15765900
33.01775880,-263.60360000,-2.15765900
33.03823880,-263.60360000,-2.15765900
33.05871880,-268.08980000,-2.15765900
33.07919880,-268.08980000,-2.24738300
33.09967880,-268.08980000,-2.24738300
33.12015880,-272.56080000,-2.24738300
33.14063880,-268.08980000,-2.24738300
33.16111880,-272.56080000,-2.24738300
33.18159880,-277.04700000,-2.33741300
33.20207880,-277.04700000,-2.33741300
33.22255880,-277.04700000,-2.33741300
33.24303880,-277.04700000,-2.42744200
33.26351880,-277.04700000,-2.42744200
33.28399880,-277.04700000,-2.42744200
33.30447880,-281.51800000,-2.42744200
33.32495880,-281.51800000,-2.42744200
33.34543880,-281.51800000,-2.51716700
33.36591880,-281.51800000,-2.42744200
33.38639880,-281.51800000,-2.42744200
33.40687880,-281.51800000,-2.51716700
33.42735880,-286.00420000,-2.51716700
33.44783880,-286.00420000,-2.51716700
33.46831880,-286.00420000,-2.51716700
33.48879880,-286.00420000,-2.51716700
33.50927880,-286.00420000,-2.51716700
33.52975880,-286.00420000,-2.51716700
33.55023880,-286.00420000,-2.60719600
33.57071880,-290.49040000,-2.60719600
33.59119880,-290.49040000,-2.60719600
33.61167880,-290.49040000,-2.60719600
33.63215880,-294.96140000,-2.60719600
33.65263880,-294.96140000,-2.69722600
33.67311880,-294.96140000,-2.60719600
33.69359880,-294.96140000,-2.69722600
33.71407880,-294.96140000,-2.69722600
33.73455880,-294.96140000,-2.69722600
33.75503880,-294.96140000,-2.69722600
33.77551880,-299.44760000,-2.69722600
33.79599880,-299.44760000,-2.69722600
33.81647880,-294.96140000,-2.69722600
33.83695880,-294.96140000,-2.78695000
33.85743880,-299.44760000,-2.78695000
33.87791880,-303.91860000,-2.69722600
33.89839879,-303.91860000,-2.78695000
33.91887879,-303.91860000,-2.78695000
33.93935879,-303.91860000,-2.78695000
33.95983879,-303.91860000,-2.78695000
33.98031879,-303.91860000,-2.78695000
34.00079879,-303.91860000,-2.78695000
34.02127879,-303.91860000,-2.87698000
34.04175879,-303.91860000,-2.87698000
34.06223879,-308.40480000,-3.14676300
34.08271879,-308.40480000,-3.23648800
34.10319879,-308.40480000,-3.59630100
34.12367879,-308.40480000,-3.77605500
34.14415879,-312.89100000,-3.95611400
34.16463879,-312.89100000,-4.22589800
34.18511879,-308.40480000,-4.40565200
34.20559879,-312.89100000,-4.67543600
34.22607879,-312.89100000,-4.76546500
34.24655879,-312.89100000,-4.94521900
34.26703879,-312.89100000,-5.03524900
34.28751879,-312.89100000,-5.12497300
34.30799879,-312.89100000,-5.21500300
34.32847879,-312.89100000,-5.21500300
34.34895879,-312.89100000,-5.21500300
34.36943879,-312.89100000,-5.21500300
34.38991879,-312.89100000,-5.21500300
34.41039879,-312.89100000,-5.21500300
34.43087879,-312.89100000,-5.12497300
34.45135879,-312.89100000,-5.12497300
34.47183879,-312.89100000,-5.03524900
34.49231879,-312.89100000,-5.03524900
34.51279879,-312.89100000,-4.94521900
34.53327879,-312.89100000,-4.94521900
34.55375879,-312.89100000,-4.85519000
34.57423879,-312.89100000,-4.85519000
34.59471879,-312.89100000,-4.76546500
34.61519879,-312.89100000,-4.76546500
34.63567879,-312.89100000,-4.67543600
34.65615879,-312.89100000,-4.67543600
34.67663879,-312.89100000,-4.67543600
34.69711879,-312.89100000,-4.58540600
34.71759879,-312.89100000,-4.49568200
34.73807879,-312.89100000,-4.40565200
34.75855879,-317.36200000,-4.40565200
34.77903879,-312.89100000,-4.31562200
34.79951879,-317.36200000,-4.31562200
34.81999879,-317.36200000,-4.31562200
34.84047879,-317.36200000,-4.31562200
34.86095879,-312.89100000,-4.22589800
34.88143879,-317.36200000,-4.22589800
34.90191879,-312.89100000,-4.22589800
34.92239879,-317.36200000,-4.22589800
34.94287879,-312.89100000,-4.22589800
34.96335879,-317.36200000,-4.13586900
34.98383879,-317.36200000,-4.13586900
35.00431879,-317.36200000,-4.13586900
35.02479879,-317.36200000,-4.13586900
35.04527879,-317.36200000,-4.13586900
35.06575879,-317.36200000,-4.04583900
35.08623879,-317.36200000,-4.04583900
35.10671879,-317.36200000,-4.04583900
35.12719879,-317.36200000,-4.04583900
35.14767879,-317.36200000,-4.04583900
35.16815879,-317.36200000,-3.95611400
35.18863879,-317.36200000,-3.95611400
35.20911879,-317.36200000,-3.95611400
35.22959879,-317.36200000,-3.95611400
35.25007879,-317.36200000,-3.95611400
35.27055879,-317.36200000,-3.86608500
35.29103879,-317.36200000,-3.86608500
35.31151879,-317.36200000,-3.86608500
35.33199879,-317.36200000,-3.77605500
35.35247879,-317.36200000,-3.77605500
35.37295879,-317.36200000,-3.68633100
35.39343879,-317.36200000,-3.68633100
35.41391879,-317.36200000,-3.68633100
35.43439879,-317.36200000,-3.59630100
35.45487879,-317.36200000,-3.59630100
35.47535879,-317.36200000,-3.50627200
35.49583879,-317.36200000,-3.59630100
35.51631879,-317.36200000,-3.59630100
35.53679878,-317.36200000,-3.50627200
35.55727878,-317.36200000,-3.50627200
35.57775878,-317.36200000,-3.41654700
35.59823878,-317.36200000,-3.32651800
35.61871878,-317.36200000,-3.32651800
35.63919878,-317.36200000,-3.32651800
35.65967878,-317.36200000,-3.32651800
35.68015878,-317.36200000,-3.23648800
35.70063878,-317.36200000,-3.23648800
35.72111878,-317.36200000,-3.23648800
35.74159878,-317.36200000,-3.23648800
35.76207878,-317.36200000,-3.23648800
35.78255878,-312.89100000,-3.14676300
35.80303878,-317.36200000,-3.14676300
35.82351878,-317.36200000,-3.14676300
35.84399878,-317.36200000,-3.14676300
35.86447878,-312.89100000,-3.14676300
35.88495878,-312.89100000,-3.14676300
35.90543878,-312.89100000,-3.14676300
35.92591878,-317.36200000,-3.14676300
35.94639878,-317.36200000,-3.14676300
35.96687878,-312.89100000,-3.14676300
35.98735878,-312.89100000,-3.14676300
36.00783878,-312.89100000,-3.14676300
36.02831878,-312.89100000,-3.14676300
36.04879878,-312.89100000,-3.14676300
36.06927878,-312.89100000,-3.14676300
36.08975878,-312.89100000,-3.14676300
36.11023878,-312.89100000,-3.14676300
36.13071878,-312.89100000,-3.14676300
36.15119878,-312.89100000,-3.14676300
36.17167878,-312.89100000,-3.14676300
36.19215878,-312.89100000,-3.14676300
36.21263878,-312.89100000,-3.14676300
36.23311878,-312.89100000,-3.14676300
36.25359878,-308.40480000,-3.14676300
36.27407878,-308.40480000,-3.14676300
36.29455878,-303.91860000,-3.14676300
36.31503878,-303.91860000,-3.14676300
36.33551878,-303.91860000,-3.14676300
36.35599878,-303.91860000,-3.14676300
36.37647878,-303.91860000,-3.14676300
36.39695878,-303.91860000,-3.14676300
36.41743878,-299.44760000,-3.14676300
36.43791878,-294.96140000,-3.14676300
36.45839878,-294.96140000,-3.14676300
36.47887878,-294.96140000,-3.14676300
36.49935878,-294.96140000,-3.14676300
36.51983878,-294.96140000,-3.14676300
36.54031878,-290.49040000,-3.14676300
36.56079878,-286.00420000,-3.14676300
36.58127878,-286.00420000,-3.14676300
36.60175878,-286.00420000,-3.05673400
36.62223878,-286.00420000,-3.05673400
36.64271878,-281.51800000,-3.05673400
36.66319878,-281.51800000,-3.05673400
36.68367878,-277.04700000,-3.05673400
36.70415878,-277.04700000,-3.05673400
36.72463878,-277.04700000,-3.05673400
36.74511878,-277.04700000,-3.05673400
36.76559878,-277.04700000,-2.96701000
36.78607878,-272.56080000,-3.05673400
36.80655878,-268.08980000,-3.05673400
36.82703878,-268.08980000,-3.05673400
36.84751878,-268.08980000,-2.96701000
36.86799878,-268.08980000,-2.96701000
36.88847878,-263.60360000,-2.96701000
36.90895878,-263.60360000,-2.96701000
36.92943878,-268.08980000,-2.96701000
36.94991878,-259.11740000,-2.96701000
36.97039878,-263.60360000,-2.96701000
36.99087878,-259.11740000,-2.96701000
37.01135878,-259.11740000,-2.96701000
37.03183878,-259.11740000,-2.87698000
37.05231878,-259.11740000,-2.87698000
37.07279878,-259.11740000,-2.87698000
37.09327878,-250.16020000,-2.87698000
37.11375878,-250.16020000,-2.87698000
37.13423878,-250.16020000,-2.87698000
37.15471878,-250.16020000,-2.87698000
37.17519878,-250.16020000,-2.87698000
37.19567877,-245.67400000,-2.87698000
37.21615877,-245.67400000,-2.87698000
37.23663877,-245.67400000,-2.87698000
37.25711877,-241.20300000,-2.87698000
37.27759877,-241.20300000,-2.87698000
37.29807877,-241.20300000,-2.78695000
37.31855877,-241.20300000,-2.87698000
37.33903877,-236.71680000,-2.78695000
37.35951877,-236.71680000,-2.78695000
37.37999877,-232.24580000,-2.78695000
37.40047877,-232.24580000,-2.78695000
37.42095877,-232.24580000,-2.78695000
37.44143877,-232.24580000,-2.78695000
37.46191877,-227.75960000,-2.69722600
37.48239877,-232.24580000,-2.69722600
37.50287877,-223.27340000,-2.78695000
37.52335877,-223.27340000,-2.69722600
37.54383877,-223.27340000,-2.69722600
37.56431877,-223.27340000,-2.69722600
37.58479877,-223.27340000,-2.69722600
37.60527877,-223.27340000,-2.69722600
37.62575877,-218.80250000,-2.60719600
37.64623877,-214.31620000,-2.69722600
37.66671877,-214.31620000,-2.60719600
37.68719877,-214.31620000,-2.60719600
37.70767877,-209.84530000,-2.60719600
37.72815877,-209.84530000,-2.60719600
37.74863877,-209.84530000,-2.60719600
37.76911877,-205.35910000,-2.51716700
37.78959877,-205.35910000,-2.51716700
37.81007877,-205.35910000,-2.51716700
37.83055877,-205.35910000,-2.51716700
37.85103877,-205.35910000,-2.51716700
37.87151877,-200.87280000,-2.51716700
37.89199877,-200.87280000,-2.51716700
37.91247877,-196.40190000,-2.51716700
37.93295877,-196.40190000,-2.51716700
37.95343877,-196.40190000,-2.42744200
37.97391877,-196.40190000,-2.42744200
37.99439877,-191.91560000,-2.42744200
38.01487877,-191.91560000,-2.42744200
38.03535877,-187.44470000,-2.42744200
38.05583877,-187.44470000,-2.42744200
38.07631877,-187.44470000,-2.42744200
38.09679877,-182.95850000,-2.42744200
38.11727877,-182.95850000,-2.42744200
38.13775877,-178.47220000,-2.42744200
38.15823877,-178.47220000,-2.33741300
38.17871877,-178.47220000,-2.33741300
38.19919877,-174.00130000,-2.33741300
38.21967877,-174.00130000,-2.33741300
38.24015877,-169.51510000,-2.33741300
38.26063877,-169.51510000,-2.33741300
38.28111877,-169.51510000,-2.24738300
38.30159877,-169.51510000,-2.24738300
38.32207877,-160.55790000,-2.24738300
38.34255877,-160.55790000,-2.24738300
38.36303877,-160.55790000,-2.24738300
38.38351877,-160.55790000,-2.15765900
38.40399877,-156.07170000,-2.15765900
38.42447877,-151.60070000,-2.15765900
38.44495877,-151.60070000,-2.15765900
38.46543877,-151.60070000,-2.15765900
38.48591877,-147.11450000,-2.15765900
38.50639877,-142.62830000,-2.15765900
38.52687877,-142.62830000,-2.15765900
38.54735877,-142.62830000,-2.15765900
38.56783877,-142.62830000,-2.15765900
38.58831877,-138.15730000,-2.15765900
38.60879877,-133.67110000,-2.06762900
38.62927877,-133.67110000,-2.06762900
38.64975877,-133.67110000,-2.06762900
38.67023877,-133.67110000,-2.06762900
38.69071877,-129.20010000,-1.97759900
38.71119877,-124.71390000,-1.97759900
38.73167877,-124.71390000,-1.97759900
38.75215877,-120.22770000,-1.97759900
38.77263877,-120.22770000,-1.97759900
38.79311877,-120.22770000,-1.97759900
38.81359877,-115.75670000,-1.88787500
38.83407876,-115.75670000,-1.88787500
38.85455876,-115.75670000,-1.88787500
38.87503876,-115.75670000,-1.88787500
38.89551876,-111.27050000,-1.88787500
38.91599876,-106.79950000,-1.88787500
38.93647876,-106.79950000,-1.88787500
38.95695876,-106.79950000,-1.79784500
38.97743876,-102.31330000,-1.79784500
38.99791876,-102.31330000,-1.79784500
39.01839876,-102.31330000,-1.79784500
39.03887876,-97.82708000,-1.79784500
39.05935876,-97.82708000,-1.79784500
39.07983876,-97.82708000,-1.79784500
39.10031876,-93.35612000,-1.79784500
39.12079876,-93.35612000,-1.79784500
39.14127876,-88.86990000,-1.70781600
39.16175876,-88.86990000,-1.70781600
39.18223876,-84.39894000,-1.70781600
39.20271876,-84.39894000,-1.70781600
39.22319876,-84.39894000,-1.70781600
39.24367876,-79.91272000,-1.61809100
39.26415876,-79.91272000,-1.61809100
39.28463876,-79.91272000,-1.61809100
39.30511876,-79.91272000,-1.61809100
39.32559876,-70.95554000,-1.61809100
39.34607876,-70.95554000,-1.52806200
39.36655876,-70.95554000,-1.52806200
39.38703876,-66.46931000,-1.52806200
39.40751876,-66.46931000,-1.52806200
39.42799876,-61.98309000,-1.52806200
39.44847876,-61.98309000,-1.52806200
39.46895876,-61.98309000,-1.43803200
39.48943876,-53.02591000,-1.43803200
39.50991876,-53.02591000,-1.43803200
39.53039876,-53.02591000,-1.43803200
39.55087876,-48.55495000,-1.43803200
39.57135876,-48.55495000,-1.43803200
39.59183876,-44.06873000,-1.43803200
39.61231876,-44.06873000,-1.34830800
39.63279876,-44.06873000,-1.34830800
39.65327876,-35.11155000,-1.34830800
39.67375876,-35.11155000,-1.34830800
39.69423876,-35.11155000,-1.25827800
39.71471876,-30.62533000,-1.25827800
39.73519876,-30.62533000,-1.25827800
39.75567876,-30.62533000,-1.16824900
39.77615876,-26.15436000,-1.25827800
39.79663876,-26.15436000,-1.16824900
39.81711876,-21.66814000,-1.16824900
39.83759876,-17.18192000,-1.16824900
39.85807876,-17.18192000,-1.16824900
39.87855876,-17.18192000,-1.07852400
39.89903876,-12.71096000,-1.07852400
39.91951876,-12.71096000,-1.07852400
39.93999876,-8.22473800,-1.07852400
39.96047876,-8.22473800,-1.07852400
39.98095876,-8.22473800,-0.98849450
40.00143876,-3.75377700,-0.98849450
40.02191876,0.73244420,-0.98849450
40.04239876,5.21866500,-0.98849450
40.06287876,0.73244420,-0.89846490
40.08335876,5.21866500,-0.98849450
40.10383876,9.68962700,-0.89846490
40.12431876,9.68962700,-0.89846490
40.14479876,9.68962700,-0.89846490
40.16527876,14.17585000,-0.80874050
40.18575876,18.64681000,-0.80874050
40.20623876,18.64681000,-0.80874050
40.22671876,23.11777000,-0.71871090
40.24719876,23.11777000,-0.71871090
40.26767876,23.11777000,-0.71871090
40.28815876,27.60399000,-0.71871090
40.30863876,27.60399000,-0.71871090
40.32911876,27.60399000,-0.71871090
40.34959876,32.07495000,-0.62868130
40.37007876,36.56117000,-0.62868130
40.39055876,36.56117000,-0.53895690
40.41103876,36.56117000,-0.53895690
40.43151876,41.04739000,-0.53895690
40.45199876,41.04739000,-0.53895690
40.47247875,45.51836000,-0.44892730
40.49295875,45.51836000,-0.44892730
40.51343875,50.00458000,-0.44892730
40.53391875,50.00458000,-0.35889770
40.55439875,54.47554000,-0.35889770
40.57487875,54.47554000,-0.35889770
40.59535875,54.47554000,-0.35889770
40.61583875,58.96176000,-0.26917330
40.63631875,63.44798000,-0.26917330
40.65679875,63.44798000,-0.26917330
40.67727875,63.44798000,-0.26917330
40.69775875,67.91895000,-0.17914370
40.71823875,72.40517000,-0.17914370
40.73871875,72.40517000,-0.17914370
40.75919875,76.87613000,-0.17914370
40.77967875,76.87613000,-0.08941923
40.80015875,81.36235000,-0.08941923
40.82063875,81.36235000,-0.08941923
40.84111875,81.36235000,0.00030519
40.86159875,81.36235000,0.00030519
40.88207875,85.84857000,0.00030519
40.90255875,90.31953000,0.00030519
40.92303875,90.31953000,0.09033479
40.94351875,90.31953000,0.09033479
40.96399875,94.80575000,0.09033479
40.98447875,94.80575000,0.09033479
41.00495875,94.80575000,0.09033479
41.02543875,99.27671000,0.18005920
41.04591875,99.27671000,0.18005920
41.06639875,99.27671000,0.18005920
41.08687875,103.76290000,0.18005920
41.10735875,103.76290000,0.27008880
41.12783875,108.24920000,0.36011840
41.14831875,108.24920000,0.36011840
41.16879875,108.24920000,0.36011840
41.18927875,108.24920000,0.36011840
41.20975875,112.72010000,0.36011840
41.23023875,112.72010000,0.44984280
41.25071875,117.20630000,0.44984280
41.27119875,117.20630000,0.44984280
41.29167875,117.20630000,0.53987240
41.31215875,117.20630000,0.53987240
41.33263875,121.69260000,0.53987240
41.35311875,126.16350000,0.53987240
41.37359875,126.16350000,0.62990200
41.39407875,126.16350000,0.62990200
41.41455875,126.16350000,0.62990200
41.43503875,126.16350000,0.62990200
41.45551875,126.16350000,0.71962650
41.47599875,135.12070000,0.71962650
41.49647875,135.12070000,0.71962650
41.51695875,135.12070000,0.71962650
41.53743875,135.12070000,0.71962650
41.55791875,139.60690000,0.71962650
41.57839875,139.60690000,0.80965610
41.59887875,144.09310000,0.80965610
41.61935875,144.09310000,0.80965610
41.63983875,148.56410000,0.89968560
41.66031875,148.56410000,0.89968560
41.68079875,153.05030000,0.89968560
41.70127875,153.05030000,0.89968560
41.72175875,153.05030000,0.89968560
41.74223875,153.05030000,0.98941000
41.76271875,157.52130000,0.98941000
41.78319875,162.00750000,1.07944000
41.80367875,162.00750000,1.07944000
41.82415875,162.00750000,1.07944000
41.84463875,166.49370000,1.07944000
41.86511875,166.49370000,1.07944000
41.88559875,170.96470000,1.07944000
41.90607875,170.96470000,1.16946900
41.92655875,170.96470000,1.16946900
41.94703875,175.45090000,1.16946900
41.96751875,175.45090000,1.16946900
41.98799875,179.92190000,1.25919400
42.00847875,179.92190000,1.25919400
42.02895875,184.40810000,1.25919400
42.04943875,188.89430000,1.25919400
42.06991875,188.89430000,1.34922300
42.09039875,188.89430000,1.34922300
42.11087875,188.89430000,1.34922300
42.13135874,188.89430000,1.34922300
42.15183874,193.36530000,1.43925300
42.17231874,197.85150000,1.43925300
42.19279874,197.85150000,1.43925300
42.21327874,197.85150000,1.43925300
42.23375874,202.32250000,1.43925300
42.25423874,202.32250000,1.52897700
42.27471874,202.32250000,1.52897700
42.29519874,206.80870000,1.52897700
42.31567874,206.80870000,1.52897700
42.33615874,206.80870000,1.52897700
42.35663874,206.80870000,1.52897700
42.37711874,215.76590000,1.61900700
42.39759874,211.29490000,1.61900700
42.41807874,215.76590000,1.61900700
42.43855874,215.76590000,1.61900700
42.45903874,215.76590000,1.70903700
42.47951874,220.25210000,1.70903700
42.49999874,220.25210000,1.70903700
42.52047874,220.25210000,1.79876100
42.54095874,224.73830000,1.79876100
42.56143874,224.73830000,1.70903700
42.58191874,224.73830000,1.79876100
42.60239874,224.73830000,1.79876100
42.62287874,224.73830000,1.79876100
42.64335874,229.20930000,1.79876100
42.66383874,233.69550000,1.88879100
42.68431874,233.69550000,1.88879100
42.70479874,233.69550000,1.88879100
42.72527874,233.69550000,1.97882000
42.74575874,233.69550000,1.97882000
42.76623874,238.16650000,1.97882000
42.78671874,238.16650000,1.97882000
42.80719874,242.65270000,1.97882000
42.82767874,242.65270000,2.06854500
42.84815874,242.65270000,2.06854500
42.86863874,247.13890000,2.06854500
42.88911874,247.13890000,2.06854500
42.90959874,251.60980000,2.06854500
42.93007874,251.60980000,2.15857400
42.95055874,251.60980000,2.15857400
42.97103874,251.60980000,2.15857400
42.99151874,256.09610000,2.15857400
43.01199874,260.56700000,2.15857400
43.03247874,260.56700000,2.24860400
43.05295874,260.56700000,2.24860400
43.07343874,260.56700000,2.24860400
43.09391874,265.05330000,2.24860400
43.11439874,269.53950000,2.24860400
43.13487874,269.53950000,2.33832800
43.15535874,269.53950000,2.33832800
43.17583874,269.53950000,2.33832800
43.19631874,269.53950000,2.33832800
43.21679874,274.01040000,2.33832800
43.23727874,274.01040000,2.33832800
43.25775874,274.01040000,2.33832800
43.27823874,274.01040000,2.42835800
43.29871874,278.49660000,2.42835800
43.31919874,278.49660000,2.51838700
43.33967874,278.49660000,2.42835800
43.36015874,278.49660000,2.51838700
43.38063874,278.49660000,2.51838700
43.40111874,282.96760000,2.51838700
43.42159874,282.96760000,2.51838700
43.44207874,287.45390000,2.51838700
43.46255874,282.96760000,2.51838700
43.48303874,287.45390000,2.60811200
43.50351874,287.45390000,2.60811200
43.52399874,287.45390000,2.60811200
43.54447874,287.45390000,2.60811200
43.56495874,287.45390000,2.60811200
43.58543874,287.45390000,2.60811200
43.60591874,287.45390000,2.60811200
43.62639874,291.94010000,2.69814100
43.64687874,291.94010000,2.60811200
43.66735874,291.94010000,2.69814100
43.68783874,291.94010000,2.60811200
43.70831874,291.94010000,2.69814100
43.72879874,296.41100000,2.69814100
43.74927874,291.94010000,2.69814100
43.76975873,296.41100000,2.69814100
43.79023873,296.41100000,2.69814100
43.81071873,296.41100000,2.69814100
43.83119873,296.41100000,2.78817100
43.85167873,296.41100000,2.69814100
43.87215873,296.41100000,2.78817100
43.89263873,296.41100000,2.78817100
43.91311873,296.41100000,2.78817100
43.93359873,296.41100000,2.78817100
43.95407873,296.41100000,2.78817100
43.97455873,300.89720000,2.78817100
43.99503873,300.89720000,2.78817100
44.01551873,300.89720000,2.78817100
44.03599873,300.89720000,2.87789600
44.05647873,305.38350000,2.96792500
44.07695873,300.89720000,3.23770900
44.09743873,305.38350000,3.32743300
44.11791873,305.38350000,3.59721700
44.13839873,305.38350000,3.68724600
44.15887873,305.38350000,3.95703000
44.17935873,305.38350000,4.13678400
44.19983873,305.38350000,4.31684300
44.22031873,305.38350000,4.49659700
44.24079873,305.38350000,4.67635100
44.26127873,305.38350000,4.85641100
44.28175873,305.38350000,4.94613500
44.30223873,305.38350000,5.03616400
44.32271873,305.38350000,5.03616400
44.34319873,305.38350000,5.12619400
44.36367873,305.38350000,5.12619400
44.38415873,305.38350000,5.12619400
44.40463873,309.85440000,5.12619400
44.42511873,305.38350000,5.12619400
44.44559873,305.38350000,5.12619400
44.46607873,305.38350000,5.03616400
44.48655873,309.85440000,5.03616400
44.50703873,309.85440000,4.94613500
44.52751873,309.85440000,4.94613500
44.54799873,309.85440000,4.94613500
44.56847873,305.38350000,4.85641100
44.58895873,309.85440000,4.85641100
44.60943873,309.85440000,4.76638100
44.62991873,309.85440000,4.76638100
44.65039873,309.85440000,4.67635100
44.67087873,309.85440000,4.67635100
44.69135873,309.85440000,4.67635100
44.71183873,309.85440000,4.58662700
44.73231873,309.85440000,4.58662700
44.75279873,309.85440000,4.49659700
44.77327873,309.85440000,4.49659700
44.79375873,314.34060000,4.40656800
44.81423873,309.85440000,4.40656800
44.83471873,309.85440000,4.40656800
44.85519873,309.85440000,4.40656800
44.87567873,309.85440000,4.31684300
44.89615873,314.34060000,4.31684300
44.91663873,309.85440000,4.31684300
44.93711873,309.85440000,4.31684300
44.95759873,309.85440000,4.31684300
44.97807873,309.85440000,4.22681400
44.99855873,309.85440000,4.22681400
45.01903873,309.85440000,4.22681400
45.03951873,314.34060000,4.13678400
45.05999873,314.34060000,4.13678400
45.08047873,314.34060000,4.13678400
45.10095873,314.34060000,4.13678400
45.12143873,314.34060000,4.04706000
45.14191873,309.85440000,4.04706000
45.16239873,309.85440000,4.04706000
45.18287873,314.34060000,4.04706000
45.20335873,314.34060000,3.95703000
45.22383873,314.34060000,3.95703000
45.24431873,314.34060000,3.95703000
45.26479873,314.34060000,3.95703000
45.28527873,314.34060000,3.86700000
45.30575873,314.34060000,3.86700000
45.32623873,309.85440000,3.77727600
45.34671873,314.34060000,3.77727600
45.36719873,314.34060000,3.68724600
45.38767873,314.34060000,3.68724600
45.40815872,309.85440000,3.59721700
45.42863872,314.34060000,3.59721700
45.44911872,314.34060000,3.59721700
45.46959872,314.34060000,3.59721700
45.49007872,314.34060000,3.50749200
45.51055872,314.34060000,3.50749200
45.53103872,314.34060000,3.50749200
45.55151872,314.34060000,3.41746300
45.57199872,314.34060000,3.41746300
45.59247872,314.34060000,3.32743300
45.61295872,309.85440000,3.32743300
45.63343872,314.34060000,3.32743300
45.65391872,314.34060000,3.32743300
45.67439872,314.34060000,3.23770900
45.69487872,314.34060000,3.23770900
45.71535872,314.34060000,3.23770900
45.73583872,309.85440000,3.14767900
45.75631872,314.34060000,3.23770900
45.77679872,314.34060000,3.14767900
45.79727872,314.34060000,3.14767900
45.81775872,309.85440000,3.14767900
45.83823872,309.85440000,3.14767900
45.85871872,314.34060000,3.14767900
45.87919872,314.34060000,3.14767900
45.89967872,314.34060000,3.14767900
45.92015872,309.85440000,3.14767900
45.94063872,309.85440000,3.14767900
45.96111872,309.85440000,3.14767900
45.98159872,309.85440000,3.14767900
46.00207872,309.85440000,3.14767900
46.02255872,309.85440000,3.23770900
46.04303872,309.85440000,3.14767900
46.06351872,309.85440000,3.23770900
46.08399872,305.38350000,3.14767900
46.10447872,305.38350000,3.23770900
46.12495872,309.85440000,3.14767900
46.14543872,305.38350000,3.14767900
46.16591872,305.38350000,3.14767900
46.18639872,305.38350000,3.23770900
46.20687872,305.38350000,3.14767900
46.22735872,305.38350000,3.14767900
46.24783872,305.38350000,3.14767900
46.26831872,300.89720000,3.14767900
46.28879872,300.89720000,3.14767900
46.30927872,300.89720000,3.14767900
46.32975872,296.41100000,3.14767900
46.35023872,296.41100000,3.05764900
46.37071872,296.41100000,3.14767900
46.39119872,296.41100000,3.05764900
46.41167872,296.41100000,3.14767900
46.43215872,291.94010000,3.05764900
46.45263872,291.94010000,3.05764900
46.47311872,291.94010000,3.14767900
46.49359872,287.45390000,3.14767900
46.51407872,287.45390000,3.14767900
46.53455872,287.45390000,3.14767900
46.55503872,287.45390000,3.05764900
46.57551872,282.96760000,3.05764900
46.59599872,278.49660000,3.05764900
46.61647872,278.49660000,3.05764900
46.63695872,278.49660000,3.05764900
46.65743872,278.49660000,3.05764900
46.67791872,274.01040000,2.96792500
46.69839872,274.01040000,2.96792500
46.71887872,274.01040000,3.05764900
46.73935872,269.53950000,2.96792500
46.75983872,269.53950000,2.96792500
46.78031872,269.53950000,2.96792500
46.80079872,269.53950000,2.96792500
46.82127872,265.05330000,2.96792500
46.84175872,265.05330000,2.96792500
46.86223872,260.56700000,2.96792500
46.88271872,260.56700000,2.96792500
46.90319872,260.56700000,2.96792500
46.92367872,260.56700000,2.87789600
46.94415872,260.56700000,2.87789600
46.96463872,256.09610000,2.96792500
46.98511872,251.60980000,2.87789600
47.00559872,256.09610000,2.87789600
47.02607872,251.60980000,2.87789600
47.04655872,251.60980000,2.87789600
47.06703871,251.60980000,2.87789600
47.08751871,251.60980000,2.87789600
47.10799871,247.13890000,2.87789600
47.12847871,247.13890000,2.78817100
47.14895871,242.65270000,2.87789600
47.16943871,242.65270000,2.78817100
47.18991871,242.65270000,2.87789600
47.21039871,242.65270000,2.78817100
47.23087871,242.65270000,2.87789600
47.25135871,238.16650000,2.78817100
47.27183871,238.16650000,2.78817100
47.29231871,233.69550000,2.78817100
47.31279871,233.69550000,2.78817100
47.33327871,233.69550000,2.78817100
47.35375871,233.69550000,2.78817100
47.37423871,233.69550000,2.78817100
47.39471871,229.20930000,2.78817100
47.41519871,224.73830000,2.78817100
47.43567871,224.73830000,2.69814100
47.45615871,224.73830000,2.69814100
47.47663871,224.73830000,2.69814100
47.49711871,224.73830000,2.69814100
47.51759871,224.73830000,2.69814100
47.53807871,220.25210000,2.69814100
47.55855871,220.25210000,2.69814100
47.57903871,220.25210000,2.69814100
47.59951871,215.76590000,2.60811200
47.61999871,215.76590000,2.60811200
47.64047871,215.76590000,2.69814100
47.66095871,211.29490000,2.60811200
47.68143871,211.29490000,2.60811200
47.70191871,206.80870000,2.51838700
47.72239871,206.80870000,2.60811200
47.74287871,206.80870000,2.60811200
47.76335871,206.80870000,2.60811200
47.78383871,202.32250000,2.60811200
47.80431871,202.32250000,2.60811200
47.82479871,202.32250000,2.51838700
47.84527871,197.85150000,2.51838700
47.86575871,197.85150000,2.51838700
47.88623871,197.85150000,2.51838700
47.90671871,193.36530000,2.51838700
47.92719871,193.36530000,2.51838700
47.94767871,188.89430000,2.51838700
47.96815871,188.89430000,2.51838700
47.98863871,188.89430000,2.51838700
48.00911871,188.89430000,2.42835800
48.02959871,188.89430000,2.51838700
48.05007871,188.89430000,2.42835800
48.07055871,184.40810000,2.42835800
48.09103871,179.92190000,2.42835800
48.11151871,179.92190000,2.42835800
48.13199871,179.92190000,2.42835800
48.15247871,175.45090000,2.42835800
48.17295871,170.96470000,2.42835800
48.19343871,170.96470000,2.33832800
48.21391871,170.96470000,2.33832800
48.23439871,170.96470000,2.33832800
48.25487871,166.49370000,2.33832800
48.27535871,166.49370000,2.33832800
48.29583871,162.00750000,2.33832800
48.31631871,162.00750000,2.33832800
48.33679871,162.00750000,2.33832800
48.35727871,162.00750000,2.24860400
48.37775871,157.52130000,2.24860400
48.39823871,153.05030000,2.24860400
48.41871871,153.05030000,2.24860400
48.43919871,153.05030000,2.24860400
48.45967871,153.05030000,2.15857400
48.48015871,148.56410000,2.15857400
48.50063871,144.09310000,2.15857400
48.52111871,144.09310000,2.15857400
48.54159871,139.60690000,2.15857400
48.56207871,139.60690000,2.15857400
48.58255871,135.12070000,2.15857400
48.60303871,135.12070000,2.15857400
48.62351871,135.12070000,2.06854500
48.64399871,130.64970000,2.06854500
48.66447871,126.16350000,2.06854500
48.68495871,126.16350000,2.06854500
48.70543870,126.16350000,1.97882000
48.72591870,117.20630000,1.97882000
48.74639870,117.20630000,1.97882000
48.76687870,117.20630000,1.97882000
48.78735870,117.20630000,1.97882000
48.80783870,117.20630000,1.88879100
48.82831870,112.72010000,1.88879100
48.84879870,108.24920000,1.88879100
48.86927870,108.24920000,1.88879100
48.88975870,108.24920000,1.88879100
48.91023870,103.76290000,1.88879100
48.93071870,99.27671000,1.88879100
48.95119870,99.27671000,1.79876100
48.97167870,99.27671000,1.79876100
48.99215870,94.80575000,1.79876100
49.01263870,94.80575000,1.79876100
49.03311870,94.80575000,1.79876100
49.05359870,90.31953000,1.79876100
49.07407870,90.31953000,1.79876100
49.09455870,85.84857000,1.70903700
49.11503870,90.31953000,1.70903700
49.13551870,81.36235000,1.70903700
49.15599870,81.36235000,1.70903700
49.17647870,81.36235000,1.70903700
49.19695870,81.36235000,1.61900700
49.21743870,81.36235000,1.70903700
49.23791870,76.87613000,1.61900700
49.25839870,72.40517000,1.61900700
49.27887870,76.87613000,1.61900700
49.29935870,72.40517000,1.61900700
49.31983870,72.40517000,1.61900700
49.34031870,67.91895000,1.52897700
49.36079870,63.44798000,1.52897700
49.38127870,63.44798000,1.52897700
49.40175870,63.44798000,1.52897700
49.42223870,58.96176000,1.52897700
49.44271870,58.96176000,1.52897700
49.46319870,58.96176000,1.52897700
49.48367870,54.47554000,1.43925300
49.50415870,50.00458000,1.43925300
49.52463870,50.00458000,1.43925300
49.54511870,50.00458000,1.43925300
49.56559870,45.51836000,1.43925300
49.58607870,45.51836000,1.43925300
49.60655870,41.04739000,1.43925300
49.62703870,36.56117000,1.34922300
49.64751870,36.56117000,1.34922300
49.66799870,36.56117000,1.34922300
49.68847870,27.60399000,1.34922300
49.70895870,27.60399000,1.25919400
49.72943870,27.60399000,1.25919400
49.74991870,23.11777000,1.25919400
49.77039870,23.11777000,1.25919400
49.79087870,18.64681000,1.25919400
49.81135870,18.64681000,1.25919400
49.83183870,14.17585000,1.16946900
49.85231870,14.17585000,1.16946900
49.87279870,9.68962700,1.16946900
49.89327870,9.68962700,1.07944000
49.91375870,9.68962700,1.16946900
49.93423870,5.21866500,1.07944000
49.95471870,5.21866500,1.07944000
49.97519870,0.73244420,1.07944000
49.99567870,-3.75377700,1.07944000
50.01615870,-8.22473800,0.98941000
